9
11
12
16
18
20
23
24
27
29
34
38
44
47
57
58
62
63
75
76
80
83
85
100
107
111
130
132
135
141
144
145
147
154
161
162
168
171
174
176
177
179
180
181
182
183
185
189
193
194
195
196
198
199
203
205
214
227
231
233
235
237
245
251
252
258
262
274
275
278
280
284
285
290
298
299
301
304
306
309
312
318
322
325
337
344
348
350
358
359
362
363
377
379
380
389
391
393
407
412
420
425
430
436
442
445
449
452
458
459
461
462
466
468
473
487
489
497
500
501
506
509
511
514
515
526
533
536
543
545
558
560
563
566
569
575
579
589
590
592
596
597
599
601
623
625
626
635
636
637
640
642
650
665
669
674
675
684
685
687
704
714
716
717
719
720
729
735
737
740
745
755
762
768
770
772
787
796
802
811
817
839
845
846
863
869
872
879
880
887
889
890
892
895
896
897
898
900
902
904
914
925
926
929
930
931
938
943
945
955
959
964
966
969
975
976
979
981
988
996
999
1010
1014
1025
1034
1043
1045
1055
1058
1063
1064
1067
1072
1073
1075
1081
1082
1084
1086
1101
1102
1106
1117
1119
1120
1121
1136
1149
1152
1154
1162
1163
1170
1171
1179
1190
1200
1207
1208
1209
1213
1214
1216
1226
1227
1242
1243
1244
1249
1261
1262
1263
1269
1273
1282
1288
1290
1296
1298
1299
1302
1304
1305
1312
1313
1319
1333
1341
1356
1358
1359
1360
1361
1362
1371
1377
1385
1387
1393
1399
1406
1409
1412
1413
1422
1444
1457
1458
1459
1479
1480
1483
1484
1486
1488
1489
1492
1494
1501
1502
1523
1525
1529
1534
1538
1542
1545
1559
1566
1567
1579
1586
1592
1598
1604
1605
1608
1609
1610
1616
1619
1641
1643
1644
1647
1648
1649
1651
1653
1656
1658
1661
1667
1672
1678
1679
1681
1693
1695
1696
1702
1705
1706
1707
1709
1717
1723
1726
1732
1736
1738
1741
1759
1762
1767
1769
1775
1781
1787
1795
1810
1811
1818
1819
1826
1838
1841
1843
1853
1863
1866
1873
1874
1883
1884
1886
1890
1894
1901
1921
1922
1934
1939
1943
1955
1959
1966
1969
1973
1974
1976
1979
1986
1987
1995
1998
2004
2013
2030
2037
2047
2062
2063
2067
2070
2071
2083
2084
2086
2088
2091
2094
2097
2098
2101
2108
2125
2129
2147
2153
2158
2164
2175
2176
2179
2190
2199
2202
2204
2215
2217
2219
2224
2225
2233
2236
2243
2246
2247
2249
2251
2252
2255
2263
2266
2278
2280
2284
2288
2293
2294
2296
2302
2303
2304
2316
2321
2322
2323
2324
2327
2330
2332
2343
2344
2345
2347
2353
2355
2357
2358
2360
2361
2375
2390
2393
2400
2404
2417
2422
2430
2432
2436
2443
2450
2452
2454
2456
2459
2462
2467
2476
2480
2482
2490
2499
2501
2511
2530
2534
2535
2538
2541
2548
2553
2560
2561
2566
2571
2572
2580
2584
2588
2605
2613
2621
2626
2632
2641
2643
2659
2660
2664
2668
2678
2685
2691
2699
2703
2706
2708
2713
2716
2718
2724
2730
2739
2743
2752
2755
2765
2773
2784
2785
2788
2806
2807
2809
2816
2820
2842
2848
2850
2859
2875
2880
2882
2886
2894
2898
2901
2906
2907
2917
2920
2926
2929
2952
2956
2962
2963
2967
2968
2969
2970
2982
2989
2990
2994
2996
2997
3005
3006
3009
3014
3021
3024
3030
3033
3034
3048
3049
3062
3066
3067
3070
3074
3076
3078
3084
3085
3090
3091
3119
3122
3123
3124
3125
3146
3149
3153
3154
3156
3158
3167
3176
3181
3187
3189
3190
3191
3202
3209
3222
3225
3237
3241
3243
3250
3267
3273
3274
3275
3278
3291
3297
3298
3315
3321
3323
3331
3336
3347
3350
3352
3354
3358
3360
3366
3370
3371
3379
3380
3382
3388
3391
3395
3400
3411
3416
3417
3418
3419
3426
3430
3432
3434
3440
3443
3446
3447
3448
3454
3455
3461
3469
3471
3472
3474
3478
3480
3484
3485
3488
3489
3490
3495
3497
3504
3505
3511
3512
3516
3517
3518
3520
3529
3530
3540
3545
3549
3551
3555
3559
3562
3567
3575
3587
3597
3614
3615
3622
3624
3630
3636
3641
3643
3660
3664
3666
3673
3674
3676
3679
3691
3695
3704
3715
3716
3721
3723
3735
3740
3744
3749
3751
3754
3755
3762
3763
3776
3784
3788
3796
3801
3803
3809
3811
3812
3817
3830
3833
3836
3837
3845
3846
3851
3853
3855
3862
3866
3867
3876
3879
3882
3886
3892
3893
3894
3896
3900
3907
3910
3920
3922
3926
3928
3934
3941
3943
3946
3948
3951
3956
3968
3969
3974
3976
3981
3989
3990
4006
4017
4028
4034
4041
4047
4048
4051
4064
4081
4089
4090
4092
4098
4103
4111
4112
4115
4128
4133
4143
4144
4145
4150
4152
4155
4156
4157
4159
4170
4179
4184
4186
4189
4190
4192
4194
4198
4204
4208
4224
4228
4235
4237
4255
4268
4272
4274
4276
4281
4286
4288
4293
4294
4299
4306
4307
4312
4320
4326
4328
4338
4339
4341
4344
4349
4351
4355
4356
4357
4360
4361
4364
4367
4368
4372
4374
4378
4381
4389
4395
4400
4404
4408
4409
4412
4415
4418
4420
4427
4429
4432
4439
4443
4445
4450
4455
4460
4461
4462
4465
4481
4485
4486
4492
4503
4512
4513
4518
4519
4520
4522
4528
4536
4545
4546
4556
4558
4566
4577
4580
4582
4586
4607
4611
4614
4615
4619
4623
4630
4662
4675
4679
4686
4698
4706
4717
4719
4724
4736
4743
4769
4779
4782
4786
4790
4791
4793
4799
4800
4801
4802
4803
4804
4805
4806
4807
4808
4809
4810
4811
4812
4813
4814
4815
4816
4817
4818
4819
4820
4821
4822
4823
4824
4825
4826
4827
4828
4829
4830
4831
4832
4833
4834
4835
4836
4837
4838
4839
4840
4841
4842
4843
4844
4845
4846
4847
4848
4849
4850
4851
4852
4853
4854
4855
4856
4857
4858
4859
4860
4861
4862
4863
4864
4865
4866
4867
4868
4869
4870
4871
4872
4873
4874
4875
4876
4877
4878
4879
4880
4881
4882
4883
4884
4885
4886
4887
4888
4889
4890
4891
4892
4893
4894
4895
4896
4897
4898
4899
4900
4901
4902
4903
4904
4905
4906
4907
4908
4909
4910
4911
4912
4913
4914
4915
4916
4917
4918
4919
4920
4921
4922
4923
4924
4925
4926
4927
4928
4929
4930
4931
4932
4933
4934
4935
4936
4937
4938
4939
4940
4941
4942
4943
4944
4945
4946
4947
4948
4949
4950
4951
4952
4953
4954
4955
4956
4957
4958
4959
4960
4961
4962
4963
4964
4965
4966
4967
4968
4969
4970
4971
4972
4973
4974
4975
4976
4977
4978
4979
4980
4981
4982
4983
4984
4985
4986
4987
4988
4989
4990
4991
4992
4993
4994
4995
4996
4997
4998
4999
5000
5001
5002
5003
5004
5005
5006
5007
5008
5009
5010
5011
5012
5013
5014
5015
5016
5017
5018
5019
5020
5021
5022
5023
5024
5025
5026
5027
5028
5029
5030
5031
5032
5033
5034
5035
5036
5037
5038
5039
5040
5041
5042
5043
5044
5045
5046
5047
5048
5049
5050
5051
5052
5053
5054
5055
5056
5057
5058
5059
5060
5061
5062
5063
5064
5065
5066
5067
5068
5069
5070
5071
5072
5073
5074
5075
5076
5077
5078
5079
5080
5081
5082
5083
5084
5085
5086
5087
5088
5089
5090
5091
5092
5093
5094
5095
5096
5097
5098
5099
5100
5101
5102
5103
5104
5105
5106
5107
5108
5109
5110
5111
5112
5113
5114
5115
5116
5117
5118
5119
5120
5121
5122
5123
5124
5125
5126
5127
5128
5129
5130
5131
5132
5133
5134
5135
5136
5137
5138
5139
5140
5141
5142
5143
5144
5145
5146
5147
5148
5149
5150
5151
5152
5153
5154
5155
5156
5157
5158
5159
5160
5161
5162
5163
5164
5165
5166
5167
5168
5169
5170
5171
5172
5173
5174
5175
5176
5177
5178
5179
5180
5181
5182
5183
5184
5185
5186
5187
5188
5189
5190
5191
5192
5193
5194
5195
5196
5197
5198
5199
5200
5201
5202
5203
5204
5205
5206
5207
5208
5209
5210
5211
5212
5213
5214
5215
5216
5217
5218
5219
5220
5221
5222
5223
5224
5225
5226
5227
5228
5229
5230
5231
5232
5233
5234
5235
5236
5237
5238
5239
5240
5241
5242
5243
5244
5245
5246
5247
5248
5249
5250
5251
5252
5253
5254
5255
5256
5257
5258
5259
5260
5261
5262
5263
5264
5265
5266
5267
5268
5269
5270
5271
5272
5273
5274
5275
5276
5277
5278
5279
5280
5281
5282
5283
5284
5285
5286
5287
5288
5289
5290
5291
5292
5293
5294
5295
5296
5297
5298
5299
5300
5301
5302
5303
5304
5305
5306
5307
5308
5309
5310
5311
5312
5313
5314
5315
5316
5317
5318
5319
5320
5321
5322
5323
5324
5325
5326
5327
5328
5329
5330
5331
5332
5333
5334
5335
5336
5337
5338
5339
5340
5341
5342
5343
5344
5345
5346
5347
5348
5349
5350
5351
5352
5353
5354
5355
5356
5357
5358
5359
5360
5361
5362
5363
5364
5365
5366
5367
5368
5369
5370
5371
5372
5373
5374
5375
5376
5377
5378
5379
5380
5381
5382
5383
5384
5385
5386
5387
5388
5389
5390
5391
5392
5393
5394
5395
5396
5397
5398
5399
5400
5401
5402
5403
5404
5405
5406
5407
5408
5409
5410
5411
5412
5413
5414
5415
5416
5417
5418
5419
5420
5421
5422
5423
5424
5425
5426
5427
5428
5429
5430
5431
5432
5433
5434
5435
5436
5437
5438
5439
5440
5441
5442
5443
5444
5445
5446
5447
5448
5449
5450
5451
5452
5453
5454
5455
5456
5457
5458
5459
5460
5461
5462
5463
5464
5465
5466
5467
5468
5469
5470
5471
5472
5473
5474
5475
5476
5477
5478
5479
5480
5481
5482
5483
5484
5485
5486
5487
5488
5489
5490
5491
5492
5493
5494
5495
5496
5497
5498
5499
5500
5501
5502
5503
5504
5505
5506
5507
5508
5509
5510
5511
5512
5513
5514
5515
5516
5517
5518
5519
5520
5521
5522
5523
5524
5525
5526
5527
5528
5529
5530
5531
5532
5533
5534
5535
5536
5537
5538
5539
5540
5541
5542
5543
5544
5545
5546
5547
5548
5549
5550
5551
5552
5553
5554
5555
5556
5557
5558
5559
5560
5561
5562
5563
5564
5565
5566
5567
5568
5569
5570
5571
5572
5573
5574
5575
5576
5577
5578
5579
5580
5581
5582
5583
5584
5585
5586
5587
5588
5589
5590
5591
5592
5593
5594
5595
5596
5597
5598
5599
5600
5601
5602
5603
5604
5605
5606
5607
5608
5609
5610
5611
5612
5613
5614
5615
5616
5617
5618
5619
5620
5621
5622
5623
5624
5625
5626
5627
5628
5629
5630
5631
5632
5633
5634
5635
5636
5637
5638
5639
5640
5641
5642
5643
5644
5645
5646
5647
5648
5649
5650
5651
5652
5653
5654
5655
5656
5657
5658
5659
5660
5661
5662
5663
5664
5665
5666
5667
5668
5669
5670
5671
5672
5673
5674
5675
5676
5677
5678
5679
5680
5681
5682
5683
5684
5685
5686
5687
5688
5689
5690
5691
5692
5693
5694
5695
5696
5697
5698
5699
5700
5701
5702
5703
5704
5705
5706
5707
5708
5709
5710
5711
5712
5713
5714
5715
5716
5717
5718
5719
5720
5721
5722
5723
5724
5725
5726
5727
5728
5729
5730
5731
5732
5733
5734
5735
5736
5737
5738
5739
5740
5741
5742
5743
5744
5745
5746
5747
5748
5749
5750
5751
5752
5753
5754
