label
-0.138785954322609
-0.0364044387933359
-0.26416161119575
0.126498700473004
-0.167220710764595
-0.0012248827606542
0.0760284617766879
0.077639207837456
-0.0662452789179121
0.15738553088039
0.0505312267992132
-0.435432042870243
-0.560933842756803
0.0677886481146856
0.0880663293134928
-0.080110046993737
-0.38267281701918
0.003954217794718
0.158856598878599
-0.158465684697751
-0.0904519912134271
0.187153072296239
-0.126448761659183
0.0044893562534155
-0.0016236969538578
0.0014454502188261
-0.0451641678847234
-0.0137412373777584
0.245232712311615
-0.112899982110828
-0.0223201797547821
-0.109893516017012
0.155477198954147
-0.0811438664863249
0.156058877293989
0.0409704394232589
-0.132653656851137
-0.395316147592737
-0.375384789826868
0.292091254374876
0.243944349004696
0.114314846440385
0.144301541976645
-0.0892755885924855
0.131533695915753
0.46241718740547
0.0738734105805007
0.0987384697741075
-0.0992188699419298
0.149168759929255
-0.0201027376340541
-0.254607778224201
-0.167144936977979
-0.134902519836843
-0.0086263173465595
-0.0089900556075789
-0.188326343774097
-0.0688509295761161
-0.365864529328745
0.278114177117006
0.136108606718274
0.049172969952541
-0.453788516514515
0.0930446157767953
0.211968120145923
-0.187866227348251
-0.0952169393830639
0.0239130175509891
-0.165839921021021
-0.122593378313827
0.360806084111906
-0.0857566101319933
-0.104216663765347
-0.129592518986141
0.296959602085112
-0.0097207191008023
0.0891869700180359
0.140956367777029
0.313297436314217
0.0658678415020956
-0.309591893117567
-0.138454033222624
0.148342894985039
-0.354389209997903
-0.0628346098391233
0.148441897630307
0.059614716672739
0.188046791453401
0.172065225497264
0.183909469862986
-0.197356357266646
-0.0237720628437523
0.0046622738817431
-0.0868046995654199
-0.0166397075942377
-0.142717362984607
-0.103474040060367
0.0908421492541984
0.0571965352463767
-0.23143406532164
0.275984651045427
0.0890477674870772
-0.243608779279353
0.123524316059109
0.0620317979338806
-0.173219451385138
-0.475247988834254
0.0645280990064027
0.34491154085634
0.026279297600381
0.013680900212884
0.0628479068502006
-0.148641428664655
-0.0750390574440981
0.167499727197345
0.402282720089244
0.112920314711238
-0.0555678627324191
0.0997990430213233
-0.130150729492459
-0.0474662570977725
-0.0967407215362193
-0.0212163579416268
-0.0072094999542914
-0.184446706802042
-0.301324277131462
-0.678011603421935
0.0991296307280995
0.145602732633746
0.0591257503729809
-0.0888861844766453
-0.355018553120674
0.0394154229341827
0.0756100283519926
0.0123362017716995
-0.0707721824062257
0.0546666323428794
-0.0570933942753983
0.0974281385606064
0.141854497114584
0.418695809979497
-0.0648432903350064
-0.0926009911732212
-0.0484475828856492
-0.553153149709219
0.292283114878179
0.0552220146232409
-0.416075975280351
0.0727354961362385
0.0545932457359613
0.0417730580763203
-0.359010858284623
-0.158325236086585
0.222834944528766
0.109351305936437
0.0666930689910672
0.0898149544494124
-0.777855371164405
-0.043723757354017
-0.27152152500188
0.073410874093193
-0.121652309238876
0.241818047894599
-0.331171811155501
0.175728857436904
0.291894920361471
0.080153379754428
-0.248082255858706
0.0828789072382045
0.0530564044399297
-0.265665700145592
0.0058631761181385
-0.217993677460552
0.0359137493481501
-0.0760605412058583
-0.176895109533735
0.356121674555586
0.134902843979283
-0.0066802647897739
-0.339524137155806
0.109714511887159
0.226050732034672
-0.229762653409675
-0.207629482168132
-0.165839921021175
0.0961556962103475
0.0833886852830802
-0.11472380207443
-0.0396957785481034
0.0008099483965823
0.129343318638011
0.0677886481193063
0.0639986626350395
-0.115398796996608
-0.789208847726573
-0.0237385527082237
-0.0917380492466407
0.146182768846315
-0.324528774659876
0.0760935666593354
0.0840268020804902
0.0523402490295783
-0.0855439330461555
0.261358234288143
-0.157898652095964
0.129248904510045
0.155957311241698
0.0729411358847576
-0.0434855217822784
0.0885216374301507
0.183089720186682
0.342746956740565
0.0826194530444604
0.0470018709097617
0.508604588588252
-0.0446842053652135
-0.21069415679754
-0.0840039630990684
-0.016493947695888
-0.0382898712993577
0.104314524144094
0.0511344862819552
-0.347296096096702
0.0614590451824922
0.100572122459069
-0.0745542130073819
-0.0350221574626148
0.105039314436647
0.0496488713388817
-0.1290196474798
-0.322860181374294
-0.086288621923424
-0.0187095023309814
0.144980376736194
0.0111196241791594
0.201740608522934
-0.0022332545723183
-0.0822670796033705
0.28246003239202
0.0327840094152192
-0.201853203309495
0.210679536085027
0.166855990208948
0.121322755709232
-0.140772828899245
-0.0675100102068793
0.384776001735535
0.0691101178463204
0.106236836273571
-0.0232355255704739
0.327547921925582
0.197089105872508
0.124623949349156
0.181799575660518
-0.025120812395178
0.265903666418715
0.319061046824739
0.111619324765869
-0.0564310505253379
-0.0656532117904878
-0.424758218378794
-0.0104556630971016
-0.0722905425365923
0.0063299689500736
0.0914880862898164
-0.04688862747666
0.154015335808204
-0.202365797047145
0.172660808369056
-0.0450630998900549
-0.0102452401225287
0.241818047892971
0.0455097558623841
0.0031158013731598
0.113493950921784
0.0419116206261144
0.0812114549844128
0.0417206662491157
0.004126490173858
0.324280208084968
0.195023836412014
-0.317609360727694
0.030763170488014
0.0974281385589629
-0.500596090802332
0.359311610914574
0.339428844519598
-0.577609706456776
-0.0196741931320438
-0.08399348148243
-0.121291659341672
0.209875155390931
-0.0496447662683059
-0.179025073067603
-0.0134390073426103
0.11308473377931
0.221059487725978
-0.147952692774105
-0.207984869547053
-0.110853570426949
0.0485101190149714
-0.120752031488284
0.0401841867245421
0.162798048689138
0.333740537334923
0.105934619812199
-0.0002567393135227
0.133902708727377
0.0769111212199959
0.364240150788916
-0.405234457500818
0.0322042312799397
0.131743656490619
-0.11432576233011
-0.112410538895153
0.126508732142206
0.15061823350669
0.276306424279253
-0.110853570424735
0.0949766595637644
0.137867083854675
0.0866771979565173
-0.0502454065523145
0.223202369727873
-0.134557831010813
0.202528916779238
-0.0151757557836509
-0.264796053736483
-0.182097602729333
-0.0994753718573925
0.0104925017901941
0.12097721224927
-0.310722975132444
-0.41050608801955
-0.0499480764850149
0.351442539068361
0.0399150020893772
-0.587241836253688
0.0667313413367558
0.151543944202246
0.0945417853970042
0.0729411358832394
0.15387034861705
-0.146452541821064
0.067979058588216
0.0687033590132346
0.0681114059077657
0.396887444390876
-0.204928311111261
-0.838263275764308
-0.158135123846106
0.118435632387453
0.0710276732782423
0.0994337390270159
-0.324337184238017
0.122198128297168
-0.112410538897777
-0.0095463647456342
0.227042695220576
0.0831203018751358
-0.0301518883084057
-0.169608197828344
0.0288243245617098
-0.34632570007055
-0.0031598639020831
-0.0103689757018642
-0.103449173075755
0.378139519110075
-0.188046869067322
0.117559944932908
-0.449161340996895
0.0980825704310481
0.13351843254706
0.0535781490716494
0.296265831923234
-0.11351320525862
-0.277556111200699
0.0173148799615291
0.131507902740948
0.110573514613703
0.0363489295929544
7.84204209472435e-05
-0.213861435883454
0.152734504312793
0.0735465653072395
-0.0171351811288781
0.0338767828551355
-0.211319241322118
0.0084838762752081
0.0703375799480305
0.0636875014048797
0.0626492022069212
-0.432781665312005
-0.0092437162733738
0.0299675548886568
-0.0193796994530384
-0.16743709878705
0.0316003405015364
-0.0553829610866945
-0.0079602612380161
0.0257545082731131
0.0923803978465905
-0.156145938019058
0.164650187372599
0.168444861559913
-0.286560924462541
0.0538591236213061
-0.0752112475791309
-0.167311743343943
-0.210911741456852
-0.412091806547422
-0.0227768719275582
-0.345695638357194
-0.0760567168991058
0.237568574897938
0.0328711576229223
-0.228501886887571
0.0386061379975026
-0.0656282271001922
0.124324484876054
-0.189521263715432
-0.189160995254199
0.113915583533919
-0.0585148993636212
-0.13905284823356
0.140003234784553
-0.197224914396209
-0.327784816814102
0.241818047893366
0.18058041837321
0.282405581824476
0.0035303043951651
0.0047788505942771
0.158085310411987
0.0491729699532555
0.205292171867059
-1.75316387733929
0.150863528208162
-0.145205075222075
-0.021216357938251
-0.0336744740018551
-0.0315583021615715
0.0725811910113603
-0.135193112363133
0.0723472240227209
0.0485321044454419
0.338391307588712
0.0593399961070241
-0.0029948559175553
0.150030241862912
-0.139978927951074
-0.295838738046979
0.130786735505092
0.198989075904542
0.0750131819703145
0.107456390916088
-0.0993530179769718
0.199538244404237
0.133925137292642
-0.0451339087518277
0.0176535248900176
-0.0882462620714307
0.015876559475171
0.17494320417794
-0.0289198798748301
0.0840268020855986
0.144931952757495
0.0521226643749959
0.0576644308462151
-0.42481896215557
0.16321894949458
0.0387730407602397
-0.0070341353820779
0.0770363497273327
0.230065638593943
0.237986186303955
-0.0417532889455515
0.305543645506772
-0.0079805307814165
0.106658464611546
-0.295209975760301
0.143914998100599
-0.0195685050586481
-0.154335738838422
-0.124053394580738
0.296374211516017
0.104245460974936
0.158934662867654
-0.0321046740826828
0.196328349411687
0.126340830471985
-0.111490461628699
0.0469261309362523
-0.31714924429527
-0.0602104895589566
0.0146845935633895
0.0765133707850986
0.138533595955695
-0.0917580668520614
0.212947989436426
-0.0270304876055684
0.152069274459525
-0.506237420789671
-0.296601866889496
0.185011692278636
0.16923604575984
-0.109810281208471
0.0432723685119389
-0.0787547673808072
0.139384813534964
-0.0801100469916468
0.21324889569216
-0.0496447662681918
0.151337302068184
0.131825421648539
-0.181107360814868
0.047876165332247
-0.0960515908633401
-0.118853748269126
0.292444120965253
-0.218950018305316
-0.0296546464689353
-0.180636922947316
-0.155984913966449
-0.0600722937557297
0.209637642142889
-0.326693932047163
-0.003294449946253
-0.0305280181496402
0.128459103595859
0.671210840150717
0.260801151259246
0.0828285241340987
0.0289693992244912
0.114845191639585
-0.152504510772025
-0.229802979747906
-0.227667235408662
0.0505807063215132
-0.405665537384482
0.467271892211314
-0.360370866937587
-0.197714013303493
-0.0558625007457587
-0.184914785020109
-0.123831424415349
-0.0186651724114418
-0.0648432903432213
-0.386074862333925
-0.120037826013099
0.057353318788759
0.194512333117761
0.0842767709064883
0.151932544377191
0.0275535074382418
-0.0669346582482185
0.0718930464517735
-0.0508228200241415
-0.235084706974766
0.0555331347322625
0.21945023486572
0.0518751528764723
0.07478944381331
-0.0015875511871593
-0.0630365336346764
-0.0968533108257574
0.191191974822567
0.287006821666765
0.171428720001918
-0.0382898713006924
-0.361178375659421
0.156161963356237
0.246390777683195
-0.267654253245371
0.0879605903857291
-0.331187815411303
-0.0548177613031863
-0.0911183711683139
-0.268597499464811
0.0281194964362712
0.0037129509935052
-0.250950754618914
0.0771707451977508
-0.0322408266262609
0.0092668666477896
-0.0564057864039808
-0.213509172413823
-0.873659169526523
-0.788635748648324
-0.007068095893437
0.123780590151255
0.128923991481342
-0.143472107986774
0.041740212445289
-0.286113507784845
0.101336824345716
0.154696067854538
-0.0851281217612015
0.142843843522425
0.341982209817796
-0.261696251945593
-0.0844101844321559
-0.183249816523495
0.0577861002577188
-0.255681611575536
-0.0018050514924909
-0.219672113362051
-0.0820112487262382
0.110380524847391
0.114537383859131
0.241818047898379
0.0194256265571537
0.0297206072857802
0.0497967481725735
0.130786735505662
0.360965313189783
-0.0145760820510939
0.150909551694855
0.194666954521137
0.313967833651641
-0.0248276114916561
-0.106192288077101
-0.291305521309295
0.0420681834067006
-0.0246969266671125
0.182111801769968
-0.398639565416454
0.0123362017650175
0.0850512683328503
0.0194256265574777
0.017737276400656
-0.223108327177151
-0.0476885693020882
-0.337850153158705
-0.123142578915497
-0.119729568627378
0.206194138164834
0.141590600148902
0.230902270415833
-0.500685729814573
-0.477995626284798
0.156762277944583
0.362570207353114
-0.0352514660632477
0.10265530022341
-0.221619775503031
0.103298183810165
-0.09659816978163
0.1227343915311
-0.0644788211967337
0.238286356923985
-0.0974921252216692
0.111801767890435
0.0876949025748668
0.0441981545372578
-0.015569794801497
-0.111414166912567
0.147581978047946
0.105705520591898
0.0551059257073831
0.232059081432026
0.06919086352797
0.0219786179183322
0.121762295876307
-0.179753179859347
-0.186364827445582
-0.0109480224867902
0.0963876083715458
-0.0583213582272502
-0.204583622290345
0.142655694321147
-0.260112620349984
0.165196766286165
0.0174204906724308
0.124778626705221
0.130396765224636
0.0135490602201542
-0.0615048068434146
0.222144628839892
-0.156540710242126
0.0177043755579335
0.070977340268783
0.0869750026655355
0.06284790685002
-0.0129368801762333
-0.185079606597817
-0.184882368912812
-0.231552761697854
0.19473291182412
0.0838162138266601
-0.0519786117100976
-0.0947074232070184
0.06800961196462
-0.323779127964663
0.0069447345592443
0.156088173866362
0.161426730105572
0.0610470702405656
-0.0200808245886295
-0.53010738463036
-0.084381889352373
-0.0422680594397554
-0.0817877079301037
-0.0367826153282132
-0.112941439458039
-0.332256136686862
0.135949412786186
-0.140052587438289
0.181917342265683
0.0089838798351085
0.0194256265587621
0.128553214041757
-0.135186319391758
-0.109830745116189
-0.475504673302836
-0.146235866229637
0.19989659846667
-0.0123654403560177
-0.130150729494493
0.047601211622097
0.0480935123328162
0.0477309957782888
-0.120752031490456
0.413770730684929
-0.014244397327407
0.024012896052211
0.130027222439093
-0.069933893580404
0.0801068671618661
-0.196360028352959
0.0645280990060498
0.0418073202623642
0.319123774060392
-0.132640109688715
-0.208347674796183
0.0291124199127537
0.175322636108632
0.158447961276828
-0.0849037820949313
0.0446527729115481
0.136580786757429
0.125094441590694
0.0752287590147731
0.0597577205975671
0.0079721095870477
0.230136242838878
0.162289388190475
0.0461299503859029
-0.0256378589104748
0.207052629730899
0.116287165810892
0.0045928284094506
0.175220299166002
-0.0247829729533934
0.0694643739461842
-0.0176585385272547
-0.570321936733238
-0.063558870732776
-0.06673101718904
-0.0936022833225209
0.288612259373521
0.0085309854526797
0.143658537307162
-0.171842176774631
-0.123466416189278
-0.0357891590251022
0.121188342703487
0.0989676896119814
-0.185331946675731
0.117696736067762
0.049172969949252
-0.393221325296375
0.053688451074014
0.0631924310344222
-0.106360939186632
0.118243362775034
-0.15500891311323
0.22057925151375
-0.0604224402005695
-0.0187642837106115
-0.0921381438690482
0.0056198270337606
-0.0031169420924639
-0.223845524454671
0.0105369560091657
0.193217408767593
0.107584623218377
-0.0389183596735113
0.0507697548858888
0.124404883612366
-0.377632829214173
0.0154865250217269
0.0557303038391651
0.0452293819638208
-0.0539495472859187
0.235665820914656
-0.121529974370686
0.165691602535117
-0.0285000844008546
-0.0357159276354975
0.114240996834072
0.154626364438829
0.101231841260028
-0.0302117348567754
0.0033508637002669
0.0194256265547109
0.0068803732382257
0.0477625728920901
0.0422935498858233
-0.506643185110335
0.113493950917027
-0.235360626425723
0.045979045597778
-0.142587832729777
-0.122868255909339
0.220364938228254
0.0711351294165926
-0.0318738613407144
-0.0940247935676136
-0.0487523076329087
0.149160619800358
0.0095313258106285
-0.549403342133312
-0.218337997093374
-0.142845802343404
0.004778850592008
-0.0338163947176658
-0.0823802206189699
-0.0086005807635338
0.137674593224765
0.445351441976174
-0.0810747378018805
0.25622111301559
0.116287165809757
-0.0801100469939788
0.0970465236806153
-0.235883486171168
0.006798018226816
0.50485245372716
0.12412300522472
0.0712759053262808
-0.0962574695707386
-0.217613570737713
-0.0275301318694484
-0.0581589770362647
0.0091572911001381
-0.208843361115955
-0.131582161541743
0.230306456573397
0.195059949386324
0.313076731065192
0.109062839044782
-0.061029305430237
0.18690970679265
0.030135269710568
0.11794638973327
0.102266695494568
0.140747666451558
-0.0986951106204988
-0.0560868177850738
0.182743467982403
-0.0080752582504202
-0.606178858670015
0.521925967087532
-0.168523938562853
0.0974281385583697
-0.0667604933344353
-0.140327569825535
0.0798135622905736
-0.0609781868145855
-0.206196773833873
0.323501845488342
0.15935588770206
-0.0102452401187088
0.139472840756422
0.0045576970625257
-0.122104135663805
0.241818047898055
0.182723300367846
-0.364839523920236
0.183453885377896
0.0534603283538365
0.173383591631941
-0.0173425488283829
-0.0134390073482839
0.10072572865972
-0.187025250910196
0.0728093342219423
-0.0168379174256717
0.295257306856728
0.35923121217426
-0.119921225225283
-0.0119385443570153
0.0270545639700164
0.161964740206663
0.185804159681299
0.198657285104931
0.108551517031572
0.150221407135567
0.0109805583032061
-0.08695597462042
0.290727648373181
0.0491729699484851
0.0987925505677706
-0.0054755089366514
0.0920091678629471
0.113303307368573
0.0979086364971383
0.0201244374418558
-0.348306157940029
0.0232747895451055
-0.101630854003925
0.121908584157237
0.0074529848912944
0.0919739559170258
-0.558572926414797
-0.0464957663836327
-0.0008283609400454
0.286905937424755
-0.0318300319648092
-0.140269029582014
0.241818047897279
-0.211693599196113
0.169842469110785
0.0997990430207179
-0.148128470427117
0.100263903686397
-0.255013542550423
-0.208979214500648
-0.4035170707995
-0.133691087201699
-0.219762037323906
-0.124609507163623
-0.0672287556981151
-0.0684327445215174
-0.229119996128937
0.0678548222358652
-0.0040070678992046
0.636677665238245
0.16762473449444
-0.422578920316903
0.138969640299181
-0.587070035709687
-0.163023684282095
0.0567861540616227
0.0854671368055128
-0.0986724980191163
0.0687809883384264
0.0278971426202403
-0.228996908351762
0.102566861856359
-0.268376684425022
-0.150499374884691
0.0242266128199309
0.0449851729890214
0.098926005149701
0.116287165809862
-0.35963257561613
-0.0429114290434962
0.531324665089674
-0.240025183873893
-0.0040070679073956
0.141822257917769
0.175728857437105
0.0051890217615121
-0.142447102586913
0.019260359925317
0.155778216827208
-0.0685220727212198
0.17576765572043
-0.23779145268358
-0.202966794778362
0.103095811071508
-0.0444861372602872
0.189905959250548
0.100791457578998
0.0866476753715055
-0.302502468331108
-0.178809133081559
0.075022053178832
-0.0648432903399035
-0.240661495225822
0.0478074279280014
-0.417407796324724
0.0514485146468082
0.0363489295909556
-0.0212163579387217
-0.0262695856565403
0.0301659208410996
0.234831617575628
-0.0398461767762921
-0.148301819179854
-0.0212163579344263
0.0744077673919502
-0.0596033759703058
-0.17388844979166
0.209396570201363
0.0718930464578421
-0.416673488249275
0.214073057412151
0.0138661012078504
0.251278377142111
-0.131225362718109
-0.145855729192263
0.0780278326245468
0.116287165812128
-0.0200486564993077
0.336677234235548
-0.0225716375476816
0.0748105298323307
0.063099927993134
-0.449823555764689
-0.114010453613848
0.0753712176859831
-0.48275052012442
0.0217856713234121
-0.0370726638491582
-0.0866998563523038
0.0758080964541005
-0.247328665416134
0.0590884388174356
0.170734949832734
-0.015741227873272
0.0822837920222559
0.13372121238701
-0.120752031496988
-0.0188975333752191
0.0599204047852777
-0.344194831499626
0.196396119021006
-0.132890891837174
-0.0361504089034703
-0.0097207190997949
-0.0791637071441577
0.0898149544505918
0.0230780210121651
0.0649402858138009
-0.124006476910462
0.0952693845408444
-0.509062292849846
0.0778423127793176
-0.0271516382998385
-0.045596085692338
0.164650187371427
0.134014758362979
-0.136407709198344
-0.0836306571769564
0.0590644447519085
0.407827999332746
0.200910104307816
-0.18283104616806
0.0777798895330608
0.0637770935501614
-0.0672661510715758
0.0532403395467808
-0.167874150563822
-0.0489253418087378
0.0543498426481669
-0.0610293054339455
-0.0723890099295507
-0.116635923020828
0.297313160484852
-0.0268762123592006
-0.0056653544044339
-0.0693836403969807
-0.0584149758927086
0.0497514594917583
-0.0828381191058129
0.0129527820331363
0.0639442933381052
-0.0513170798707499
-0.104984715638373
0.0760183660966283
-0.404949737298436
-0.037919236728669
0.042444783285032
0.218166779831237
-0.0714451858621036
0.191444525377748
0.122078803621794
-0.007921011707855
-0.031200446510673
0.120587303241734
0.0061042480585869
0.0137263390403701
0.110420158778409
-0.0472266851827018
-0.1466346657991
0.140682692161747
0.146240387908953
-0.154341441180392
-0.0244620174415735
0.0475492274778823
0.0476225183887346
0.100955512056332
0.212580826668627
-0.225475688515216
0.0022875789654246
0.144207251265912
-0.0771323471904944
-0.173219451383973
-0.180713987926844
-0.271521524995698
0.0745233024953165
0.236748840146864
0.116287165802158
0.454666696560677
0.151620238918837
0.223896139891392
-0.0454639041875104
-0.0476885693
-0.573057456130267
-0.0947568229557865
0.0454879231443193
0.122810867759223
-0.0936022833215694
0.13136659686351
-0.0764714699313232
-0.0230096397624241
0.0577861002569035
0.117638636672445
-0.103058379966572
0.277887302599076
-0.534406976717865
0.113493950916381
-0.0023348921818356
0.157753783105815
-0.0489613484220835
0.0216434518079097
0.167318925281051
0.230502734667747
0.241818047895644
-0.189339116751471
0.0173121313689079
-0.0964382168958745
0.0898149544475122
0.0791978470757293
-0.0342322888206827
-0.13620460906404
0.114469482513875
-0.0435332867412265
-0.048219459845476
-0.0289832409828952
0.0959976029526591
-0.321261334929067
-0.431654622640858
-0.399585147171718
0.0079610130845772
-0.215431211539998
0.225698382530913
-0.260298239647425
-0.0263232483755027
0.215586506320622
0.126340830475024
0.0404191342119652
-0.0569122243280712
-0.126569358089086
-0.0912875963053709
0.141547933994421
0.221207768214464
0.187652260558743
0.005144228598283
0.0729522161967692
-0.112154300196156
0.105496576679991
-0.124675599429724
0.0443931918393522
0.184890979809687
-0.177806720879786
0.0462672387746685
0.180807052315556
-0.0170406819682178
-0.173219451383496
-0.219912686833031
-0.0363598441995079
0.0250903296938026
0.025265430464663
-0.0952169393764613
0.227604188674309
-0.151637595885909
0.285761395482301
0.105223499310668
0.0140723920635874
-0.0952169393830639
0.172396646937233
-0.0437681999292014
0.110573514616294
-0.314575300629326
-0.286560924458317
0.0448340342266087
-0.18000861705193
-0.247819493805259
0.079014422847864
-0.0725632379405998
-0.0529584407349777
0.352000965644441
0.155163665641491
-0.0453938415368664
-0.0767896887094688
0.280292195712555
0.192908447409613
0.0548195330939361
-0.102271696917723
0.0649402858085198
0.0108577780290313
0.0123362017635711
0.126658849880154
0.0627419859921127
0.288062232666
-0.0801100469975055
0.10209328422873
0.145602732629587
-0.0685220727170111
-0.173219451382429
-0.0197671413054188
-0.167826192615684
-0.401150056258863
0.172866122907366
-0.0878044387783257
-0.0223395148990469
-0.272755124936108
0.0062208247665432
-0.0097207191019511
0.0840029541083598
-0.0625159869789511
-0.0357557805375364
0.0037410648798812
0.0695024990269145
-0.0142803107298807
0.167817466449644
0.0160061060168092
0.0645635046530344
-0.196700884724744
-0.0896608397815184
-0.238102302971296
-0.0801100469938768
0.303657301708924
0.0110770452647554
0.168444861567668
0.135297724244872
-0.169259885955884
0.133758302036256
-0.542103304701965
-0.0703948921615838
-0.0801100469988854
0.18090366837125
0.0782098089848069
-0.280082185076747
0.101219717719584
0.195319585791575
0.100572122457264
-0.11184834136557
-0.0444861372603453
0.0100877619845422
0.319820559895912
0.0194256265578563
-0.0721256819394894
-0.15141508106816
-0.0486970943631333
0.120963653017478
-0.0343503856109463
0.232599517865347
-0.182321658493689
0.0917926038920805
0.0821996552608468
0.128853799304612
0.0479080027142856
-0.0511178436570147
-0.0905208806993622
-0.403029344292438
0.0967677150906051
0.0806970582849601
-0.390450167608638
-0.0785495330013414
0.177277795696616
-0.112984344252908
0.151072622659833
-0.144650299187581
0.0524406837880649
-0.0778715747979266
0.419735840087257
0.0699630193521407
-0.0569440624140317
-0.128897120401245
-0.155517449648666
-0.233266835057749
-0.0354102395212996
-0.0980061041777127
0.0786203683770961
-0.163438430594144
-0.0624351546626609
0.0340131627790156
0.187887785506821
0.0400393305513769
-0.179096017716195
0.0852276849626138
-0.0513127826858481
-0.0212163579407281
0.0974281385511602
0.266764405023907
-0.480647976583366
-0.204583622293424
-0.0944653399724826
0.116287165810349
-0.147748763867361
-0.0411159153778272
0.270257233416951
0.149183292310123
0.224022464927353
0.0056198270332625
0.17420714173701
-0.154840922073879
0.173253761409298
-0.0764218599627227
-0.11511649682043
0.192908447412863
-0.032640473387762
-0.181212242142251
-0.0112149657832401
0.117106646113235
-0.0731311269794758
-0.0022866294074559
0.0819097563628031
0.102864891457105
-0.372725443377221
0.279292753311771
0.0227217098832429
0.0762319821813415
0.0835149660964346
0.090258928922488
0.0091572911033483
-0.0868046995671958
-0.163205662756491
-0.0876175836635006
-0.038289871298712
-0.0312004465086348
0.380264817861669
-0.0826612325288058
-0.199748934137403
0.241818047897634
0.294669930159677
-0.108124423167094
0.17935396094562
-0.2176135707419
0.0881614355974269
-0.132577466881412
-0.150950287544354
-0.173219451386349
-0.115116496822015
0.163815535896855
-0.254857920413042
-0.0933661436933782
0.190155928070561
0.0454208350898373
-0.109810281215709
0.125304039168997
0.0544479119898253
0.125979388645907
0.248639313746256
0.105595537140544
-0.0331231246192778
-0.0161982831757072
-0.0258777353178359
0.076231982176372
0.0842767709037921
-0.173219451382504
-0.054574954884385
0.168097628611103
0.028574008774832
0.130642458787178
-0.0844101844318689
0.0543944560755429
0.140766141900286
0.168195184756811
-0.0971370585555831
-0.298750333469448
-0.157452135522954
0.10884418262466
-0.229109209582293
0.0698856786006714
-0.0488139165031473
-0.0864146238483254
0.260314391510621
-0.040325180886714
0.0970829549115855
-0.123178768885835
0.163391400943987
0.0649402858072314
0.0679555204835022
-0.230552626451273
0.250085663868224
0.150909551697096
0.131582485685293
0.0910380957137299
0.296495140513792
0.0671734450848589
-0.0308024067696862
-0.260682292635174
0.284462385303447
-0.0528885782583845
-0.108199659533595
0.0093940378251993
0.309633432123217
-0.345318824060578
-0.159922628764721
0.221863441520417
0.0143055548960627
-0.0740440462918761
-0.0089900556075687
0.144856318008016
-0.126390319238099
-0.107989079569843
0.0579166030224224
-0.0801100469937651
0.0566031754281045
-0.0396999714476623
-0.100686408436742
0.0934262080047307
-0.256208816058052
-0.0029155411965975
-0.204982013773455
0.0270158582735062
0.0718930464500314
-0.161814688119876
-0.331917197395781
-0.270176580837377
-0.012628862102614
0.221059487730196
-0.0078579750813206
0.0073527942604987
0.0417730580746492
-0.0141269331501363
0.113175896454037
0.108430632613015
0.0769640359977827
-0.145997982645003
0.224415001634383
0.066914552339803
-0.103256893213542
0.0061897993988891
0.0341266759039544
-0.162078893778314
-0.252291022367858
-0.22596091346799
-0.237349788801203
-0.0071492458044547
0.371101064841494
-0.0813373503765554
-0.224499956328324
-0.108368307032906
0.351735739970192
-0.476506548559707
-0.539541665630386
-0.622526852748588
0.1724443448568
-0.232458654759698
-0.269827775183726
0.272844943519819
0.0800021158078509
-0.141510591657322
0.476554459327502
0.144352238457686
0.2525444544778
0.126954090860778
0.0043187341691107
0.0848683491718385
0.134902843965868
0.0612458022505325
0.0434893314483903
0.0616639141346058
0.0861671774301118
-0.0740227171152966
0.244077555075597
0.0702066698188663
0.21252374109727
0.118082679470412
-0.21638731053774
0.407241657098536
0.235184955562551
-0.145205075213048
-0.141201630302704
0.314778849081417
0.0756257653301441
0.0763414439342006
-0.168434388827928
0.0055200245290998
-0.0513539060011377
-0.263935270433022
0.184674140784525
-0.0361028647543167
-0.740479950370151
-0.0282711154744085
0.120422940377151
0.0318949785197507
-0.260682292638102
0.128553214049382
-0.103209730137529
-0.034360158169715
0.0471389994457683
0.134014758361402
-0.279014115411398
-0.106456917943637
-0.388711925488966
0.197751266444789
0.0107433834503896
0.106514313701769
0.0471706170322789
-0.132817097319889
-0.318649890902743
-0.0567775431633143
0.113493950916523
-0.0139847887077918
0.233502779681904
0.0733123235390813
-0.0490831513707262
-0.239833735590816
0.0743613020483678
-0.456717959780421
0.0055569613084245
0.0767588016219889
-0.030094509288352
0.211352767168978
0.0154894946234732
-0.430478118711017
-0.139272119457184
-0.199780277653191
0.0234513803732282
0.0291414456235944
-0.0497855101339974
0.0591257503724158
-0.497590722205444
-0.0679646171304353
-0.0619300309282238
-0.0792924243966797
-0.14223752277693
0.0053778520743869
0.190334903009023
0.126340830472947
0.141124048274922
-0.15494071766696
0.0093536518394219
-0.205640929074813
0.0258139545204584
-0.0642850798296467
0.249991979342802
-0.240267272186535
0.148319199570283
-0.334531322525585
-0.0626094986325456
0.0743238727055477
-0.110552988082854
0.299303542555142
0.0979968003847723
-0.145786221262346
0.137323880022683
-0.0732236614081946
-0.269143871381404
-0.119518431549099
0.202647450611516
0.1198275235121
0.0019910332205752
-0.123831424418091
-0.123570080828039
0.159355887700165
-0.0029856208644808
-0.0155697947996082
-0.314575300628486
0.121523814174245
0.0642798623396497
0.0733879566996501
0.395851676556207
0.0198412091737146
0.0010938037826403
-0.0188337066198454
-0.0113008890784827
-0.228745080087222
-0.0685220727186354
-0.083348421059113
-0.314575300630921
0.278428191025854
0.0752788612849265
-0.210250182332282
-0.0262431750139713
0.237348036443218
0.176442039043192
-0.130736120063125
-0.206642452921049
-0.159779701356105
-0.0934684298480422
-0.0212163579433111
0.057585209766435
0.127560868637455
-0.290529826666824
-0.112531524685097
-0.0666268176302818
0.314696927815106
0.0536955286396022
0.224944229327433
-0.143732686879867
-0.115543740488122
-0.153352777760179
-0.0184177245856854
0.0753606718554855
0.107442338985581
0.534599797115581
0.31416889212006
0.0850925442054006
0.0771215612565369
0.0536143127282231
-0.132062126628763
-0.199733969895544
0.107168521199535
0.0990174474951288
0.024226612822112
-0.130329402482882
-0.0075414210476253
0.0480463044976153
-0.390094867753843
-0.0397977836824927
-0.0186651724106594
-0.168703970261784
0.0138932351000853
0.0963429974478992
0.353117170758079
0.0745233024897271
-0.518511539332782
0.175930112229982
-0.202966794781448
0.134150852796819
-0.243608779279923
-0.0294839739273103
0.0765956654166291
-0.281328445228783
-0.24139095402561
-0.853560000188142
-0.197293586362837
-0.280860174575196
-0.127415761769255
0.0819742012328095
-0.0185716366823349
-0.0801100469934216
-0.198754543492906
-1.02121635793798
0.0337098525614019
-0.173219451384796
0.110573514615365
-0.181681030133777
-0.125691081304096
-0.0519474507440843
-0.0306413707266731
-0.0202580749163708
-0.0789122926367775
0.464210469233239
-0.277852992582447
-0.615788852838692
-0.118178087824726
-0.103853506917055
0.066046788516383
0.322160156211782
-0.027258164729947
-0.0706850342077566
-0.114875465152861
-0.0387037846697753
0.0607524888463035
-0.0801100469948025
-0.175457923580229
-0.0934244002768094
0.0086188716006203
0.0188702097909243
-0.0469794540052791
-0.265583469534324
-0.138454033225787
0.0303139427001078
0.0718930464512743
0.0639745308460877
0.0406781757868007
0.224598976844123
-0.0222220708008474
-0.224548506582783
0.0908761498250311
0.140122650824308
0.0702066698269323
-0.144364588708612
0.0612458022496715
-0.153041569448037
0.16381553589165
0.123071770380006
-0.0983146423721479
-0.0075414210414878
0.0688804302157113
-0.161537646340809
0.163815535892258
-0.178085206555499
0.289514789923545
0.0478074279232324
-0.0392021034133238
-0.224267056976217
-0.106105255526415
-0.313397109433995
0.0711743938631991
-0.0903783824473658
0.123498080701481
-0.0787797610159367
0.19345502633388
0.0300337261241621
-0.262472943973057
-0.276967376221879
0.266800404454247
-0.0430207282603105
-0.143638460843835
-0.0854015725950162
-0.0836460660291018
-0.0694628027972119
0.137397442949901
-0.709572007883725
-0.060744722126231
0.136635811203416
-0.113024669467808
0.109062839043171
-0.219672113365229
-0.0085053061863827
-0.262654534969967
0.208903425426321
0.0387261825095728
0.0612458022540074
0.203985974367207
0.265708668100945
-0.173219451380813
-0.0633961734375089
0.0073527942588095
-0.0433820137415377
-0.653484573436285
-0.0229146454144894
-0.110853570422717
-0.311335714605368
0.0338767828644523
-0.0345953877414439
-0.0242568122660369
-0.204865078008381
-0.421146964831329
0.122519119522343
-0.021216357932841
0.0940644274424072
-0.412006310971425
0.0161052682681128
0.228012248367995
-0.0965981697865104
0.162962627181752
0.252873236403836
0.0091572911069341
0.0826194530493121
-0.174207260422754
-0.161091760626094
0.0919226174070528
-0.0960515908645366
-0.156443738628013
0.0536143127235229
0.44392345509008
0.204203756092508
-0.489985841150438
-0.111818906720864
0.466249614500675
-0.242166805103312
0.14780948794868
0.0524755926225149
0.0974281385613577
-0.0108247520947378
-0.0567907764069768
0.0127925342283017
0.419816349874407
-0.124888201298688
-0.133691087197029
0.128670890264882
-0.124053394579806
-0.018244791407389
-0.0561501480479448
-0.0692217308506217
-0.423998705307768
-0.0695408052850219
0.214161704991574
0.394829666398336
0.110573514611822
0.282175785511201
-0.109256392653135
0.0140899905741781
0.211444398853801
0.0609822722400461
-0.0049526874274447
-0.0720727279289795
0.118669817119569
-0.365170759160543
-0.127827548574299
0.150909551697705
0.0123362017719879
0.131635130140214
-0.0526479933704274
0.0208477016265759
0.129343318634071
0.0418032129115326
-0.161327555314959
0.377169900790908
0.173105297811487
0.133111788449492
-0.383521892529161
-0.0440908241961926
0.285102145620834
0.314226543419461
0.0239130175422659
-0.0256622629792263
-0.408239481048417
0.0721048182013065
0.128134112302692
-0.0594297941557601
-0.107730369796548
-0.0294839739220504
-0.138454033221642
0.0474002541357477
-0.0077958421765464
0.03843881495708
0.296265831911222
-0.130991215997219
-0.0593514868280408
-0.0871994717809608
0.34290417300994
0.0066272749841982
0.082224410590257
-0.230869667445856
-0.0801100469949984
0.274833105116254
0.120256068010179
0.0651356802740715
0.0242266128177082
-0.432118082649935
0.23462254649381
-0.0867279257634674
0.0251520346297191
0.0180965660818073
-0.003514356206104
0.132883676343403
0.0048895334001702
-0.174944131852779
-0.0377992421305448
0.0339251962535924
0.198316409260425
0.0536027418752769
-0.0368507738834406
0.41514965078163
0.0552220146215489
-0.23971486317025
0.230677490290661
0.0026303840127654
0.0994093185456576
0.0617413971987511
-0.0565391669680504
-1.29032910102975
-0.325837153148837
0.187179300238088
0.248771378489603
-0.151769847256288
0.148772716356348
0.338027317976368
-0.600906197501062
0.250470810234869
-0.173022220866302
-1.05617874072178
0.253929776847358
0.319215737902762
0.0663564468632759
-0.429669500830954
0.383874260989738
0.0426350891298972
-0.787184802184172
-0.327971919030766
0.0799172549256075
0.21383701606319
0.178654556067192
-0.0395889090317956
-0.720573872669038
-1.25257721583593
-0.372902174211265
0.0959787974759554
0.0890200441453796
0.566420622151976
-0.22086621430747
0.155204500542794
-0.0531494586279814
0.0454855718069811
-0.0637207916775974
-0.909630789723781
-0.988712841422186
-0.0333702336576198
0.0029948780458705
0.283171832229
0.161269198084434
0.0662346903593695
-0.0121005582418016
-0.195737946417828
-0.0414797441657621
-0.0522089331212489
0.0112219603317711
0.0551326297072064
0.013948659791896
0.125628327205499
-0.0990846677968606
-3.46436328031987e-05
-0.178448356791403
0.0811406096147572
-0.127687460380409
0.204270118005898
-0.36010057120244
-0.116903282285732
-0.0093370548743411
0.251922540426923
0.470083037280882
-0.240799455851155
-0.204933707430953
-1.01879116504909
-1.01149324744977
-1.01226524282348
-0.547801066369174
-0.0127777897142935
0.173764255080625
-0.0903466973156908
-0.088452289900784
-0.22194053606511
-0.221356821177908
-0.22194053606511
-0.220077891803772
0.219277609919885
0.0868756417860122
-0.0086196608223494
0.0218945908243541
-0.258056531653143
-0.186662264206903
0.404559886865531
0.144961179824923
-0.0908120328704147
-0.199632068023233
0.278841540748193
-0.0109337568762469
-0.455932073934838
-0.671879679520332
0.127560174744392
0.122239685056682
-0.0526426255437846
-0.0483783788300383
-1.44625723810809
-1.38806942649334
-0.181241751926739
-0.156743487243183
-1.17858963217937
-1.17473082777301
-1.20532155458637
-0.382977141933557
-0.0332293451453175
0.179095273293072
-0.472965482680344
0.122120972627396
-0.625426544997035
-0.252524483747862
-0.0231019587554329
-0.0272360842906848
0.698189854179543
-0.0787141123734524
-0.0770403227331392
-0.0771508780105606
0.176679506190696
0.192235693517689
-0.231123525647087
-0.232786897938597
-0.210785612872559
-0.0911864466979229
-0.0243041112999066
0.011422709512769
0.0107101668791367
-0.483227481755966
-0.355879893801555
-0.37495380929971
-0.368337727149553
-0.378272087623269
0.0228341698924788
-0.21172815868507
-0.223303440974033
-0.0700317089000008
-0.079311161868723
0.299971585218639
0.174089757790504
0.0882127874346387
0.345581571427559
-0.144056807256618
0.240198506853219
-0.100615522169693
0.196353331776133
-0.0831388190503086
0.0586909016951367
0.476582256712768
0.0714696923623016
-0.304207466934055
-0.0261216841787484
0.295307723287572
0.1006146745234
0.120914266223946
0.339497144906183
-0.350298149687957
-0.0261854136057662
-0.230957267725418
0.294549978360685
0.291647298148709
0.302668787438046
-0.009610045189481
0.0762607824878565
-0.0625171987107231
-0.293237277963707
0.123126682975968
0.127948704672262
0.131408068484948
0.236363894118012
0.41348019716298
-0.122563459398894
-0.986474383831097
-0.316329653138684
0.503452356623045
0.503407331996482
0.498806773157778
0.162726265110659
-0.828266405895651
0.221176859735092
0.216425181049544
-0.255984520107911
0.219957804110707
-0.0112171191329768
-0.03491454080533
0.240997339312896
0.0463789626898107
0.370205066114878
-0.382617343269222
-0.184909500095054
-0.534116124996614
0.288055937542446
0.315901171164099
0.12348116001798
-0.205520202225661
-0.0920967201208496
-0.0820384724230337
-0.122777075329833
-0.120936984797905
-0.122186489851273
0.0600499166950046
-0.101901765330384
0.0367004230012871
-0.14598211065228
-0.142477872804733
-0.137088907472818
-0.140633242711417
-0.104046749212986
0.282460539336858
-0.126625727206141
0.446618530180918
-0.344785614530814
0.0573087172394696
-0.190983347769998
-0.194584071024667
-0.0232557837840188
-0.381413949082807
-0.341723066357168
-0.3098011385924
0.088023897378518
-0.396709145707832
0.218004527540806
-0.327449981691205
-0.326450010503675
-0.329559708604402
-0.02475246877198
-0.0589987529749935
0.140001808161137
-0.620603672592708
0.360407723037695
0.476747383925143
0.480497088136541
0.483381270718319
0.0308159729685722
-0.193895068893001
-1.01406699499505
-0.318392957326663
-0.315870344041556
-0.314470927978745
-0.315769663005601
-0.318010414774951
0.0018847230044664
0.0098527724737145
0.591169159343318
-0.0366705775435497
-0.129362266096313
-0.313185533048505
-0.377948139869937
-0.0520508019975248
-1.18218605024301
-1.18743282876101
-0.314915944306025
-0.319946682667896
-0.317123757890449
-0.0183188351909843
-0.445874669017302
0.897054829405239
0.294474155033389
-0.0868654067923513
-0.100084154219976
-0.129391469782662
-0.133117840953473
-0.144153763145147
-0.135365258513452
-0.0662471587208484
0.014398980603809
-0.60375560032647
0.197453554810098
0.225963804001195
0.0321546147428806
0.292697187730809
0.117119130892591
0.218772545945307
-0.186161727514763
-0.186825389109003
0.412728908522241
0.415687523231768
0.415121424062188
-0.0981957655315023
-0.183712775499647
-0.184147037728393
-0.18674817851324
-0.187657146447511
0.169258618648705
0.180343788088084
0.2941487824238
0.309948825801262
0.315218499621509
0.17026165521903
-0.0597224940994605
-0.0597422864647409
-0.237042090992584
0.220308595567345
-0.0998567342825027
-0.391624817284522
-0.218545056742464
-0.111212168356528
-0.0823838687360459
-0.0366356739204626
-0.0464391882158685
-0.0392386769781564
-1.25336528616779
-0.139563750430387
-0.139198606544574
-0.211657934290183
-0.209808131463122
-0.224999292196973
0.0978276880566283
0.0205901764103128
-1.14226489399063
-0.0078767760480956
-0.0236535661681351
-0.328250173036115
-0.862205307254658
-0.448877892830231
-0.426262643855888
0.142971232828605
-0.205930430732178
0.180924878458984
-0.0264281741637023
0.492647211315483
0.361465232065207
0.262058603017746
-0.11058868474906
0.339008652064313
-0.0031219913126474
-0.0045948054979378
-0.0031896142477103
0.0058651183191292
-0.0755213293054949
0.375025078406633
0.163370910420732
0.0446005301515946
-0.0401473977409027
0.172692953615228
0.162756518203082
0.174867940425651
-0.018017202306285
0.436569895759147
-0.202196536090119
0.564883725007494
0.15261985185011
0.303808748469986
0.170480170348837
0.200494424248627
0.171188319045567
0.215905788047727
0.184451713649802
0.291242325317995
0.0057149217225962
0.0092177654505863
-0.0288833629140318
-0.171130245555224
-0.419143625955612
-0.438933581765318
-0.435986431360833
-0.345337265745403
-1.88116072733742
-1.87955712875935
-1.88458697753776
-1.87749705056355
-0.168951347478738
-0.153357205133423
-0.167625431649475
-0.146099824253405
-0.160641000266752
-0.164346597709854
-0.164715574227017
-0.169852609461439
-0.182517626372594
-0.146238749799547
-0.15236336609647
-0.166261859490037
-0.181058051842028
-0.171324071944132
-0.153768983327034
-0.204783731881657
-0.214313172737721
0.0103218528478657
-1.03746552655579
-0.206139063390638
0.219629243826035
0.197807272084424
0.204908691865004
-0.175609005827937
-0.0285953274022501
0.416808543683137
-1.08232838119324
-0.199870703911136
-0.22445909316275
0.0969423369695995
0.100572301138524
0.225118423932651
0.0287731912973248
0.0250030340125053
0.127679823463537
0.118196649608548
0.0946285536088059
0.0968537342466947
0.36591297718434
0.167692966838466
-0.291590581114466
-0.424189856610919
-0.429174688137483
-0.0528719780845372
-0.0486386271772339
0.0165245178880919
0.32409352933245
0.321301677849486
-0.259655634512016
-0.610953870994787
-1.78802836936197
0.489667138402827
-0.378938260133222
0.277039164245177
-0.359766390256675
-0.517015357002394
-0.519700322555089
-0.516992356597428
-0.536059117144855
-0.517785655732865
-0.110256344795806
-0.117977351246781
-0.198093641254541
-0.985850558805111
-0.984212523969102
0.36798932434732
0.361674505697663
0.191336031355869
0.546691750245774
0.535946827887869
0.20637793777002
0.208879813011879
-0.143984804198487
-0.36583837147806
-0.135788278404309
-0.185352485381921
-0.163646260875414
-0.087015258346228
-1.34824302233196
-0.521990306351524
-0.283664585995348
-0.0420102898647577
0.23819923034054
0.203641861989747
-1.25505209359191
-1.26223297426167
0.123206677744886
0.296432962620093
0.413585855747855
-0.408654064300453
0.0070344469377143
0.0173777080329944
-0.0521572495195331
-0.0390430038209264
0.0380701076340916
-0.578246052402288
-0.202184281214402
-0.203353636214477
-0.203727929188199
0.26145528457205
-0.288845380492285
-0.256670403820485
-0.452893584409693
0.267835096448329
-0.746153888520718
-0.439887992206544
0.224861879053007
-0.0909943519064272
0.298790698591207
-0.944694012538245
-0.936077078452672
-0.0716071995155772
0.0434723176133697
-0.523557531377342
-1.01975378390819
-0.0569609650879971
-0.106009959259273
-0.384611064384997
-0.305492322376466
-0.604512486671894
-0.0090752593411425
-0.027242580358464
-0.0137031132947153
-0.0129551100224074
0.117551334736803
-0.414819955885399
0.345887630837556
0.36182834280929
0.349631005757047
-0.398153125132782
-0.386143699967396
-0.315315167092052
0.285023724461521
-0.258580393034719
0.0589339705847924
-0.0810005646752193
0.262267219146711
0.0949095594654527
0.0502698828785163
-0.152700214757985
-0.150558541867882
-0.139710070753993
-1.29550301773785
-0.0784049827998862
-0.0734051058929789
-0.281237521788555
-0.165418398661967
-0.125281758916666
-0.137011490005131
-0.120571858770868
-0.148005158709148
-0.105155540421103
0.104641006213098
0.125698914399888
0.165911305206641
0.159774151011964
0.169161500890623
0.158512409510023
-0.216649569708332
-0.136093376275336
-0.134877162855508
-0.367410433575663
-1.13399888818608
-1.11369173525606
-1.15620537661628
0.120529966214108
-0.115475946019745
-0.0196033937911931
0.174175605087775
0.179285005686992
0.159743873467689
0.235734353427749
0.360159899181148
0.352242129794163
0.510023361697698
-0.197718254444949
0.0378092546613919
-0.236491311068034
-0.776916716229354
-0.79841567611342
-0.510238085479764
0.151519894520004
-0.0176679102394388
-0.306634021920955
0.276217556398974
-0.0164381790315301
0.0338175022031163
0.102893406522248
0.174770030723646
-0.0689275056664237
-1.15115127268766
-0.248486593339152
0.278310502789591
0.825572986009378
0.142385646122771
0.0240177012841711
-0.425221757207875
-0.0112686708020543
-0.462848867520239
-0.0737977388536401
-0.062252885539299
0.1031847059739
0.241084349119624
0.516433372139924
-0.678758467909559
0.10345951397356
-0.148156052226121
-0.601180437190037
0.29680657710406
-0.220842867919551
0.129124036962795
-0.381179654087368
0.146988591985504
-0.0013215552021005
-0.365278375270654
0.0893215519414357
-0.101252785401789
0.317749046600596
-0.768974346383881
-0.0190240888219828
0.0780100073894132
0.251503667489126
-0.520492848781238
0.026869887385617
0.295824907275979
0.0561095317713783
-0.198167952882432
0.305773385498979
0.246296132495827
0.0243226313230879
-0.0867817364202113
-0.006876767543462
-0.0496033980433536
-0.0195333622140573
0.217769027333333
-0.462382418027082
0.58541836195583
0.211255919053205
0.084956723909482
0.0394273623133703
-0.486373798650463
-0.614806437453792
0.186831644884815
0.0977861889804591
0.415608345132468
0.0236562422986448
-0.091805491545334
-0.199778225238266
-0.930133056417767
-0.213674975229665
-0.868909118812808
0.188343769071649
0.105486257251382
-0.0754728929419464
-0.430091210818727
-0.0363968502330945
0.151623666424673
0.0901372679711546
-0.112598519943503
-0.405082376485715
-0.216013802085872
-0.320810014714343
-0.283557391040091
0.312931588756077
0.0925564466572164
0.0759893059656497
0.173018952295089
-0.823587781613148
-0.345977793366448
-0.0048121286594601
0.299697699086356
-0.0597236518051344
-0.286903084751939
0.238020677889427
0.323469558395058
-0.519540026560961
-0.943879634103985
-1.34488522277881
-0.12941742355016
0.0843173394573996
-0.714808907938376
-1.20126548514222
-0.0641069797434625
0.126153951889764
-0.574327176968878
-0.0064254563591281
0.0809962374549104
-1.47648450079173
-0.159211829686992
-1.17914986567607
0.0987183157261665
-0.279489567518653
-0.0272843976417113
-0.504588945181788
0.197607646593569
-0.00763811099631
0.455258887349845
-0.163729625167876
-0.582570571385766
-0.0950626495844208
-0.0693026477976216
0.105611456206539
-0.060441136162261
-0.246234864890904
0.310126950433608
0.153221898540283
-0.127165784202541
-0.207554017068168
0.0316664425911561
0.702101710017032
0.38149039036246
0.36710508531269
-0.482496403052286
-0.149725222430618
0.160524358605329
0.212596044352568
-0.179316785030039
-0.607429426613108
0.180783057177146
-0.182122491743525
0.0519502315232203
-0.539893830652265
0.192555028173928
-0.794564170887539
-0.162589475802415
-0.253152456583043
-0.0794670262956476
-0.120237830095343
-0.0615390100135593
0.101759030208283
-1.67975991241494
0.0148172531708172
-0.582322549307412
0.0319641761866932
-0.148090461349604
0.0326474584989217
0.164908921143974
0.352466372319483
-0.0931476171673419
-0.125350090780589
-0.131221668654951
-0.314913320222461
0.0745349659096858
-0.0238040939116425
-0.036892906180053
-0.0739755523872907
-0.382123779159795
0.371021459421906
-0.0619686185582672
0.3857921349122
-0.335799389611373
0.146836535040122
-0.403775866820586
0.107166563932157
-0.0417598244739751
-0.0591540390474792
-1.35365882350637
-0.412051605444058
-0.0854817914230753
-0.210858168415813
0.528922088254206
0.128994874422772
0.0386549275327361
-0.0495537289651645
0.44057164322434
0.0354839891740115
-0.323424356477169
-0.0915878825776389
-0.265395916050763
-0.776682113390608
-0.126031933866226
-0.149795290902057
-0.0154396102140936
-0.352991457440503
0.140313940512923
-0.216778739491453
-0.200843852718264
-0.221094892221062
0.103807996784886
0.159276365341032
0.134121564474679
-0.37519992360746
-0.389695643109928
-0.377925157649291
-0.0158312402444201
-0.116375883984521
-0.474769559333851
-0.268708007663819
-0.109589818065813
0.0130055801125474
0.258812876823304
-1.02061278874801
-0.0276010481652656
-0.347185883857753
-0.128526894074263
0.131339531472344
-0.189425745720866
0.0607556885421758
-0.221701291066502
-0.0683587245764774
0.0609107027643955
-0.0833321135731582
-0.0306899306258905
-0.109110594491151
-1.60786220751695
0.373158511926883
0.100877680497174
-0.152587267429776
0.0909603513960314
-0.0015755121535265
-0.18342801840344
-0.0712472090245228
-0.339869447204088
-0.557989999702325
-0.0267814204702348
0.44941813595319
-0.12837541191445
0.313075188064743
-0.0772962293058272
-0.0530567641334394
-0.0451794542801357
-0.18050297582039
-0.458802077877489
-0.0197903544150883
-0.0804514478711294
-0.263654427533823
-0.119994776363483
-0.0558871545474036
0.0410092782481361
-0.121458466087933
-0.988418899267715
-0.155761653591641
-0.0197188422976768
-0.0027496362034097
-0.798765968447545
0.116870005746155
0.0372266423894616
0.0682674973209298
0.131814447547899
0.106264095691772
-0.277332269939198
-0.437485299544389
0.172682883122398
0.0268409345452954
-0.461672922343903
-0.118325045529402
-0.232355490981948
0.175595903153543
-0.362710535540877
0.0833050241539279
0.164859914618473
-0.232913541117974
0.432645223649103
0.0412745858797062
-0.150019883158076
-0.380331228606793
-0.3202736122498
0.0965943519468494
-0.224847943070937
-0.273242676230639
0.151258799267701
0.325421816398246
-0.39907431079068
-0.436302847539786
0.245642545011683
0.255895767268823
0.17234973320677
-0.0510038459859874
-0.112634640138015
0.277231653440703
0.258670574698815
-0.177822405779375
0.0192027356132727
-0.120488220453953
0.0264101742105018
-0.0689778149534497
-0.196902465939032
0.403518896583974
0.0379662372074492
0.262069970430031
0.107004905133868
0.166597075533813
-0.962911377243769
-0.0272625965213478
-1.16112828312004
0.0429612231481752
-0.0487559729413143
-1.16788449401555
-0.267136623422402
-0.136086735902328
-0.114472280692268
-0.150583938440541
-0.0632345550975662
0.897520375356426
0.310275632712924
0.350279829068129
-0.35005582263845
0.385813546064186
-0.163077886340856
-0.198184326262928
-0.216691015794069
-0.0294207924715068
-0.203440118218234
-0.0097379812490534
-0.173557352568537
0.233009277460256
-0.301174853741355
0.540051670982598
-0.153350800022215
-0.205460170106646
-0.378165116247619
0.134058226523467
-0.449942322623046
-0.207845337191453
-0.275040024317929
-0.118521857358103
0.15241550222594
-0.144324410938473
0.107393149235301
0.244562652687405
-0.0458111127204989
-0.317857115051363
-0.271751560502385
0.0269195310375015
-0.535873131349392
-0.240542433239479
0.145580440293141
-0.0574992040053096
0.323436506518937
-0.314922021161838
-0.152635581366049
-0.124014860356382
0.0139329504411389
-0.0248446645272771
-0.0010711812770783
-0.0340158698487613
0.280541851052468
-0.30293323404945
-0.324116403832535
-0.137196447122591
-0.628952258916763
-0.365511916187534
-0.275576302655958
0.272167832281237
-1.01987913481226
-0.318604922098638
-0.259064722392392
-0.0053328468627418
-0.0419267095038441
0.0849724535674742
-1.61327030149513
-0.148533280193131
-0.525189506678075
-0.0744315023318413
-0.2005424887313
-0.319073339267667
-0.311744308886392
-0.184871037338918
-0.213562051651513
0.0145163897388241
-0.117977463403458
-0.394557650400604
-0.0920197793821571
-0.215161212345367
0.0686945437188834
0.0661586184278188
0.190354168613743
-0.0561852428012162
-0.64514002068523
0.0702887865124481
-0.291381376299446
-0.278013684985647
0.0555387279698647
-0.123670879316331
0.159026262732267
0.12021529757556
-0.400321032819159
0.367049529514834
0.0583955397838342
0.417950970332911
-0.0805965173938454
-0.23963212297516
0.0720344009322383
-0.670941955212606
-0.407143076903705
-0.184679849452786
-0.222017188782281
-0.0637705144253565
0.669710828833312
0.0429909296579946
-0.0385782150482715
0.112671089691725
-0.112294331953904
-0.587361294405923
0.0305331983856653
0.21797453490076
-0.153416813140912
0.180071782726091
0.433815965251306
-1.40270910231135
-0.13260626539635
0.0707730236315231
-0.115531615250409
-0.260617833770538
-0.0948267200081543
0.0291505371085129
-1.14137241666179
-0.14643378724085
-0.0537135177270391
-0.42197054476213
-0.102268597892989
-0.204265515667078
0.105399006766251
0.0354729543700392
0.01359961207901
-0.295016091922437
-1.13360644994939
0.167821351536149
0.0395987689791237
-0.137632350372709
-0.132351081535898
-0.0784922898765167
0.204033627151922
-0.0722145793458095
0.14678860423509
-0.233440610130384
0.171846505206518
0.105048042242461
-0.0622102639909076
0.288887217541291
0.222462686488515
0.10135067978289
-0.0941919215475382
0.42533118529935
-0.122638089669241
-0.0951526775535377
0.104546937040162
-0.100212683131192
-1.87150815193956
0.208901120545521
0.222000869688578
-0.0760956290624947
0.120483001437931
0.0069197889938403
-0.476629216618988
0.161236608964742
-0.323840877723348
-0.299429676588953
-0.0400982461116689
-0.108871878700955
0.0188717790578722
-0.160876294713727
0.140760617293078
0.0385928138485402
-0.0620667473336932
0.212629134198607
-0.402372422237157
-0.309638867995653
-0.365413866222372
-0.0102562118474967
-0.250929479948654
-0.0898129074820677
0.107812939581083
-0.339445627987742
-0.755716583166247
0.122244867567146
-0.0733603818954786
0.0158667509280633
-0.272878637580032
-0.282774683038662
-0.447129361034707
-0.0366753222293082
-0.0425987788254801
0.378528253593885
0.402840807168708
-0.547641254801949
-0.302597469293854
0.111139320591741
0.0486126418078567
-0.486084383773659
-0.28620188897285
-0.177444431735258
-0.252298649276385
0.197037470802685
-0.218359674156904
-0.0969625877964266
0.188766157760722
0.321516460235909
-0.0133649444254642
0.143363714764866
0.115906782023504
-0.124734515014856
0.108788549371178
-0.753921007598765
-0.381196565655261
-0.174716008263161
-0.0446151974436999
-0.394958026809325
-0.279487613467403
0.406268227551854
-0.0295666449691736
-0.11041162296344
-0.158037790465711
-0.188411686913256
0.186691115740486
0.504720490121888
-0.0424416568570568
-0.196853224787216
0.0667273365011728
0.0507999187601319
-0.0509795474488112
-0.178624374768472
0.180614536433428
0.210438063905164
-0.278666248918009
-0.300903261193745
0.0909824278250077
-0.0306065571176275
-0.593599947069797
0.123162029474749
-0.0315387181319447
0.179290099584748
0.103276072826412
0.0671006368344657
-0.458182012787112
0.305118853606652
-0.129804349684731
-0.215947590024634
-0.379091663965327
0.0511884136850432
-0.166981215284529
-0.267254539353783
-0.144164628371061
0.0598254870448693
0.121176153556827
0.232156128278302
-0.568030696507166
0.0581689375042846
-0.318767303977518
0.151550543897882
-0.060445233325954
-0.132542733962702
-0.543631244143368
-0.169726019724183
-0.60446358727888
-0.0353609115144484
0.160045705763432
0.0902878303331161
0.225729419544547
-0.331775344380512
0.0938194039050996
-0.0552070858635248
-0.0033932448040049
-0.254038910825291
0.123480454403749
-0.11744688046612
0.0291009838780762
-0.350553742454529
0.0021932206683308
-0.241594121460662
0.25245798980817
-0.133498718134892
-0.177465257294843
-0.0120351987543301
0.333836123723221
-1.26385351465015
-0.187101866169077
-0.119778427231755
0.12146357372083
-0.0654445261104575
0.0089348085941734
0.386136160473837
-0.217968612692911
0.14524222076118
-0.168191930784092
-0.178039821630978
-0.480647584119527
0.175864866731481
0.14897159422962
0.0924732372324836
0.098158074733392
-0.0626116094398258
-0.882496561599
-0.0111831049808421
-0.354879237411558
-0.393817718069033
-0.0717790096012866
0.0595345448869703
0.0628810859228146
0.249296591607253
-0.165367730960739
-0.381766574622986
0.162919386148939
0.0932713773036577
0.146877129852909
-0.313428452222307
-0.622492837720037
0.316815946419231
-0.114674042524094
-0.470487537245812
-0.0632722059495113
0.154966786400255
0.545706899866032
0.087423636648116
0.110359862793379
-0.358396556711252
-0.680926100330776
0.142403665194575
-0.549893563923831
-0.0063059581182109
-0.796843353297642
0.210281585294119
0.420395703753899
0.0056801494859778
-0.0971987190000429
-0.0896754556042368
-0.235179449346323
0.531879152860526
0.174680996991874
0.11431414699346
-0.166456716390264
-0.541852677364392
-0.413915146303989
-0.550488697471239
-0.107208486256814
0.149694140776999
0.332603811802341
-0.327366399637507
0.0910555754949935
0.0510740374279272
-0.300413635887626
0.0765471746748707
0.280637114626978
-0.881274979403862
0.105803402460207
0.0936210709084721
-0.0721498013623082
-0.337712004855057
0.0078381563475712
0.170140554552845
0.350296636489519
-0.281204151467637
0.131035573938294
-0.105517229692108
-0.225104620601038
-0.363957505946703
0.125910509738845
-0.253711284929564
0.1545184963295
0.154785373176415
0.47993036470145
0.177840457570432
0.294809718384065
0.24144824819621
-0.0428827104299729
0.117312683790389
-1.64249402322897
-0.164908959884173
0.462304419958808
-0.474833470777367
-0.0214569876508976
-0.616412971234289
-0.249401357487482
0.145894755813902
-0.433657160748819
0.0583244933327758
0.338974090606892
-0.266007638940877
0.107817122370583
-0.0879077973992738
0.342488671496841
-0.0558406555569381
0.0482837211235414
-0.156967382375283
0.141184641664435
-0.0583324034863683
-0.524716610152669
-0.0480187576781161
0.379904884936076
-0.210186561278277
0.347076116855866
-0.0216044299478989
0.338817464789699
-0.672341993185867
-0.024728534081242
-0.0253381917209971
-0.49490490861626
-0.33215724919429
-0.629608132917947
0.0060797497399508
-0.248322652183344
-0.364871996867381
-0.0467802677990671
-0.593950703774395
0.179897797356145
-0.177303465738042
0.0453895608843111
-0.137865027644743
-0.0376926088548113
-0.130723259087748
0.215197237161426
0.0158935500662489
-0.104142824042527
-0.0327942797841806
-0.127511761852964
-0.211570776197144
-0.294454349991492
-0.514062027401387
0.510631008797831
0.198154411868842
0.21473118635641
0.137695967950486
-0.103201249719617
-0.136078314793459
0.109255120137169
0.0963236458040597
-0.0154394379401768
0.0237335678603369
-0.177943235706169
0.169731760216876
0.507319846464917
0.0101876723357333
-0.000670959210636
-0.057010115630663
-0.422320017142936
0.246515767048154
-0.188217208465847
-0.498449148763817
-0.744464209811253
-0.0818576282400216
-0.401003458056739
0.010732957555347
-0.503063261431912
-0.0173834767464603
0.0261476386096746
0.249479366997896
0.165420726609407
0.123533692315431
-0.276091792844077
0.0276917042340204
-0.0916834258163779
0.129905528934618
0.247944984047022
-0.118688046073875
-0.0442896193198601
0.181971426540872
0.188430684205378
0.692000126385434
-0.353700694104467
-0.003932600712872
-0.0534020894071722
0.0513059620024031
0.0787619311190912
0.216952559650413
0.290362333021988
-0.171798352985528
-0.0229584080361488
-0.0762854730778958
-0.233201584921136
0.0219872573110492
0.121249076549408
0.230275789497564
-0.282906516286317
0.129108158166669
0.0193700253281378
-0.0661549088440937
0.006730938289755
-0.312143245399416
-0.29719986769359
-0.0280290732079737
-0.134127220317219
0.109005629778578
-0.319101165381464
0.288509710549447
-0.0424495480236899
-0.700876574547921
-0.345410782179818
-0.232617244696536
0.0002376900899251
0.196916739745356
-0.0076518519580933
-0.145895411153832
-0.27605072465698
0.114728181218719
0.2919877739428
-0.0587562510702239
0.229644994941915
-0.0299588058713854
-0.382002180386697
-0.0821344310636844
-0.414792153256401
-0.0727746499322598
-0.0509028890541121
0.420257183286424
0.214099023991115
-0.254232243917411
-0.233769429184487
-0.313879712488464
0.0219183101061561
-0.0692130243641443
-0.419896188699834
0.105490489842561
-0.254141205648029
0.082358958022977
-0.231552489311618
-0.0429685181537408
0.296105334058798
0.136958944572011
0.0953464444651179
-0.0737977797299798
-0.491713974353623
-0.144430657487595
0.189898833087487
0.0100840756742723
-0.0809694150011246
0.118624105715106
-0.111224404614408
0.428914780700494
0.224310772187436
-0.017914233566156
-0.191328126295878
0.242694721474201
-0.125710044458816
-0.261456063250837
-0.356155934717824
0.0410104256700387
0.0307221330116421
-0.481119114397068
-0.0667651188312891
-0.0680161738696215
-0.550184445379836
0.017658512319701
-0.246387474998017
-0.01288596765708
-0.0334268774921647
-0.231516400074062
0.0183046462402039
0.414908312634964
-0.0707818079306626
-0.130470462962121
-0.408285414669338
0.274007620092541
0.24480525949219
0.284926489223893
-0.171664298165242
-0.549332857666529
-0.0351640251833691
-0.0372242549816402
-0.108013983182314
-0.0388755000442618
0.0294759073347962
0.119281276623057
-0.0153604221367518
0.537258371945531
0.0696905891892708
-0.0608901186266096
-0.82221085585439
-0.441551686081821
0.165034467917322
-0.260422856053209
-0.135809052841103
0.194491226538717
-0.0728536294305874
0.191773603433834
0.264470702292101
-0.506330350996929
0.216568202010387
0.408823675642057
-0.0734324075814472
-0.0763917300467115
-0.601758373442472
-0.715134171382355
0.310412135038379
-0.472078933325673
-0.19185104465961
-0.134264299270389
-0.582826386794965
-0.039263554979368
-0.301940008107675
-0.109610445875123
0.0861510397455486
-0.0604354400163412
-0.214932369159292
-0.198104444785185
-0.138849816354695
-0.112539844448817
-0.0455833791675113
0.897410021908832
-0.0038442003173695
0.0004767629173466
-0.0134178162291402
-0.707154281434015
0.17106928202408
-0.326575736847601
-0.684421344005001
-0.640084913534285
-0.193165084962218
-0.0727377328218252
0.00334569912672
0.512461825430975
-0.042620345049292
-0.421863228727936
0.390872652331933
-0.77283342929074
-0.19814910629127
-0.011812466388952
0.126342027495321
-0.0911039010870227
-0.189088145196194
-0.568059282193321
-0.313272755604795
-0.429488145539553
0.312901908231913
-0.178585720299349
-0.0518201736897736
-0.181649525478612
0.0077376468148581
-0.466832174041192
-0.404158589711846
0.153547866895979
-0.174954533851725
-0.0534226985919142
0.547183312218845
0.308965066000435
0.278068093770642
0.0773127018756281
0.188048636465173
-0.120476485313031
-0.19025056175288
-0.312630046007254
-0.0548158647564176
0.0854744581289709
-0.310425102942841
-0.0401374676001725
-0.108398068441978
-0.425726032474285
-0.0391622266327648
-0.110791332434289
0.502723511058425
0.39370991998741
0.243916974278706
0.218329769151863
-1.04179403514936
0.363623453903571
0.278256433308578
-0.197238301703393
0.104066901750736
-0.21543803126127
-0.0864053536738683
-0.498775163510919
-0.501293164305877
-0.712456613843737
-0.107303617322523
-0.254428337874437
-0.08915526926686
0.323806704469845
-0.341996983710266
0.0767402205087743
-0.0024764674450616
0.0490930007024983
0.112702038466107
-0.142921715893293
-0.365857494211381
-0.497807678581993
-0.19945248854931
-0.268271532490787
-0.385194642172935
0.0996477992127021
-0.110755134079487
0.173870168062815
-0.212148669224762
-0.578234160219897
0.216459979397894
-0.0327497278230795
-0.173596618829989
0.147430750389201
0.0743844485500365
0.0615417492280092
0.268066496852597
-0.0865459703550776
0.094199163117908
0.149406474579623
0.119014547271225
-0.189267329860471
-0.309004867196754
-0.239998600080315
-0.394844813442986
0.0162465616953487
-0.0852280871585196
-0.0443973380355395
-0.27972371004546
0.566672550846678
-0.0046148529277737
-0.0914022212863509
-0.256642629705191
0.052987092426575
0.0174868037098643
-0.353568432598654
-0.0747031515591009
3.5924795387398e-05
-0.0524021362893371
-0.237903687818361
0.0993188174247585
0.239725417899615
-0.206325550730755
-0.631151016975478
0.0778626822772891
-0.823215617834928
-0.320058609004602
-0.274962533945498
-0.39110601776005
-0.49429191037698
-0.48338015521671
0.0113719712784003
-0.49458832569195
-0.478052133065268
-0.434305234723882
-0.096200887510704
-0.109335170129133
-0.413121631835555
-0.0706141565978359
-0.537536566846978
0.0473383102607709
-0.251581259781027
0.118447904645481
-2.08475094675066
-0.001048761927007
-0.0092813719071762
0.0601628725974944
-0.0164409712757488
-0.589978352197764
0.186299609297481
0.0213361335062372
0.0297255981108116
-0.0360609586142013
-0.0577676637862669
0.328216867839693
-0.450167802403598
0.192508871780445
0.203412128337039
-0.173666143838373
0.264573762615686
-0.159795829222457
-0.130410025630372
-0.17368580199127
-0.102542577136388
0.428572184216222
0.186131566597209
0.162982503280039
-0.0483610513418461
0.2820179718033
-0.37287989185498
0.371463543909672
-0.125598367137446
-0.289841520556757
-0.372434451781539
-0.156291649465413
0.0768331192127142
0.220674166142885
0.312471179168467
-0.185999822994535
0.156375098514934
-0.0799935891843054
0.932003372034805
-0.0830387883202637
-0.924125248309435
-0.32616736647965
-0.223993807695633
-0.241012913237474
0.087883123368551
0.179192223712491
-0.101817412076738
-0.224442449535931
-0.406793231973742
-0.213336013989824
-0.285158061860993
0.534457850553834
-0.072156937880131
-0.0405181114067081
-0.0212535305708581
0.0402714931300057
-0.093543870214251
-0.430184984213282
0.292939600669503
0.0688238101834391
0.062911906302497
-0.0917328584834712
-0.216573705653511
0.313991821998686
0.241465443620383
0.0925085542325067
-0.010443323020553
0.0229772320224753
-0.0704410190027343
0.123890468854501
-0.413475210809263
0.219094603838455
0.123104834648853
-0.340165270612161
-0.0103868485837903
0.26657603516985
0.0402952286667309
-0.236450500047231
-0.320820354160435
0.0255818920707083
-0.256304559829062
-0.0900386542869716
-0.047477706618197
-0.130736826256785
-0.175474609010427
-0.120408417977765
0.0879340923499862
-0.438507287730426
-0.0555406704394495
-0.0468313074734574
-0.193364589247869
-0.284499624019249
-0.286569411115584
0.0415908340341194
0.167496830017639
-0.49303523095259
0.260746688062616
-0.35184963010653
-0.269217183181694
-0.05768968022108
0.0762566535612706
-0.676857162978578
0.122812953980464
-1.68556304897841
-1.69478722396329
0.228635150277175
-0.274284376384257
-0.963234038773928
-0.746300393214324
0.296911731475559
0.345912380266862
0.411354785517221
-0.0806032653807212
0.204815792003523
0.250309704646991
0.06533173258638
0.0177141845345205
-0.634310730406611
0.0049537142347985
-0.102185141264039
-1.22647550491837
-0.144344375400029
0.0122693162268438
-0.841498381736767
-0.16725535701828
-0.197714165984644
-0.347053769187235
0.159581759067234
0.0109296623358842
-0.23737612415228
0.0268333006089199
0.0048626344824944
-0.663848103403589
-0.0920967201208496
-0.101641667667165
-0.409710185456263
-0.937368578348393
-0.569843552190444
-0.312890570210067
0.0442964184521685
0.0567469387677388
-0.554496325304107
-0.0309584024292268
-0.636561298606875
0.049722414127217
-0.110357852443511
-0.0832177323835022
-0.253440496378347
-0.252932682431185
-0.251929182131633
0.430704675562178
-0.226683881712642
-0.195107844767361
-0.121977235342352
-0.400166931492547
-0.527279807275323
-0.193259877052927
-0.258367049945438
-0.13889279178648
-0.498261167212114
0.740927534197801
0.278868728521542
0.720755301314459
-0.267722331965289
0.0904092283581748
-0.240165029307026
-0.0759904482082777
-0.278400911217853
-0.663625021392795
-0.111428878745687
-0.413156500508599
-0.197269638983451
0.318742270194651
0.0230552639885512
0.335989161288236
-0.0309336033366459
0.101892641486482
-0.0097660608435372
0.0963599656387817
0.078926622619405
0.145584289193445
-0.434467153665372
0.621545155932458
-0.385821290420825
0.262244145289743
0.180106431779829
0.128507029385917
0.218071141603147
0.0947409333935536
-0.201561194562616
0.372698974504869
-0.42657125315438
0.370173270320113
-1.0637354248819
-0.114694416686064
-0.317194407402275
-0.131414733696637
-0.110249598822752
-0.227508459269675
-0.727663401375916
0.0025490750369298
0.0345264536634952
0.169311389462363
0.13864313934402
-0.117176663229814
0.18311995980798
0.408724677017655
-0.33110280358606
0.0598454153620674
-0.0290033244595448
0.212435234633178
0.287820863288372
0.0204934415230877
-0.752667554582969
-0.023758008949574
-0.0381581965647313
0.123837645411258
-0.489479044254196
-0.277203797767279
0.273284505561708
0.179655779175124
-0.289057073205739
0.119664687087292
0.216639048285459
0.0473153726401652
-0.722707596964652
0.27456552094154
-0.153364763310059
-0.063064435702579
0.131750434875981
-0.388419745543662
0.105649585026696
0.269041163047624
-0.509953538075506
0.284135169154402
-0.158436699762273
0.282829524591529
-0.737765828864119
0.28934584290125
-0.606982430720315
-0.0761916146748426
-0.729216051313315
-0.710214632561835
-0.54255045156298
-0.0417496011558312
-0.155621376582596
-0.718824458435233
0.0770515904913383
0.0507127796037569
-0.033051132529098
-0.0060860401866983
-0.112492293046931
-0.127091798754583
0.0797885055289796
0.0523245124900663
0.131186085378345
0.0140632703673639
-0.0726179188520389
0.157210695401346
0.160745698728761
-0.221901084572654
-0.50394538212056
0.171263280716673
0.0790518298676463
0.0746929691906124
0.078564880419388
0.0810603416099595
0.0853119428588956
0.0790335548141641
-0.524193240682651
0.240164504819641
-0.0384842156108706
0.17454815450875
0.0755983224263218
0.544300404223742
0.238205674644271
0.596556449276295
0.115517951751875
0.150740148480108
0.287143755011882
-0.0796008918222266
0.0975350034751717
0.332049558657179
-0.551339669910444
-0.119897081267302
0.112915431687474
-0.695751933337549
0.059724914719322
-0.100522579219226
0.436230629525644
0.39229608839334
0.249571874372297
0.261975218633672
0.178424029307229
0.21071426464793
0.166900049355581
0.0476845045243854
0.194063851349818
-0.403301192352842
-0.308673720914701
-0.311105091400968
0.180493578307839
-0.353529621207186
-0.0928702860511149
-0.26830715603373
0.250564428259706
-0.0035341942919411
-0.2429232946941
-0.298147543776359
-0.149923358706768
-0.150861469536915
-0.220338877712117
-0.058841824637785
-2.08221868533204
-0.0462314309102282
0.216087226561865
0.313419095900852
0.374665835968395
0.392831334984048
-0.192060489171312
-0.121255619607811
-0.137381359439834
-0.134494320984817
-0.140786583251135
-0.150245225427941
-0.149645128468348
-0.128231408808767
-0.130076292757767
0.303379388798658
-0.182251150063008
-0.0061329377121726
-0.0099237684629697
-1.01032674083683
-1.00741529397697
-1.00118619342493
0.180155066732839
-0.084363683414557
-0.0213054330916758
0.258675150626729
0.0580825925331293
-0.377142718082727
-0.328255541405051
0.0192345352747707
-0.437650277166485
-0.303602281857506
-0.0179160267307283
0.3130203822572
-0.0300000770128867
-0.0583613965492261
-0.0051922381009987
-0.251057877260954
-0.0614860070784161
0.170468465242026
0.122418230939069
0.10171650244702
-0.0635449474689521
-0.0816811040180844
-0.202903547244199
-1.14548743817703
-0.463661181543115
-0.465522765560111
-0.470559264145219
-0.457809437041199
-0.462158844811604
-0.189631085951609
0.415135727407647
0.0300071213976802
0.0395363162685903
0.147948119954143
-0.0807679580118143
0.134801414746598
0.186390049028642
0.977586100714014
0.343450715719571
0.102253767418613
0.197723372148253
-0.273862719250213
-0.246749246426749
-0.250301095060706
-0.257021334343713
-0.263001551852216
0.0463262895023623
-0.272113200261893
-0.454048570041303
0.151994101086513
0.160987453704357
0.128801135023482
0.112262261446662
0.113748300705475
-0.168158531844799
-0.177219233387244
0.0668913338314889
0.0229812978389922
0.131899600925664
-0.119439158186179
-0.270612886233874
0.0098364511045401
0.126699331043843
0.278003096993438
-0.406389531808787
-0.166843509403185
0.08575111229147
0.169887756002646
0.303552733847847
-0.40012581728455
-0.398185874464747
-0.85638853145963
0.850173270146638
-0.541294181811997
0.445280486876986
-0.226007499865504
0.158927410912923
0.216656633877581
-0.482755061579651
0.205271624048343
0.400196955654032
-0.118726471069065
-0.290684551064474
0.0563283033445485
0.324953253961007
0.0520232662037671
0.0572070903688545
0.244518492193907
-0.0130226926859662
-0.0927933281171275
