7
21
35
39
43
45
46
48
53
55
65
66
70
74
78
82
93
94
96
97
102
104
105
108
109
114
116
117
123
138
140
143
149
150
156
157
163
178
186
191
201
202
204
221
229
234
249
265
266
276
286
300
302
303
315
317
320
326
328
332
333
338
339
354
356
366
368
375
390
401
404
405
415
419
428
431
433
434
440
463
464
465
471
475
481
483
485
495
496
498
516
525
537
538
547
560
568
573
575
577
578
582
583
585
589
596
609
610
612
615
623
632
648
650
652
657
659
664
669
673
681
682
683
693
694
696
697
713
724
736
746
751
754
755
758
761
766
779
786
788
793
796
797
802
807
811
822
826
833
836
838
842
843
844
853
857
860
866
867
873
880
888
915
920
923
943
949
952
953
955
963
972
973
984
986
991
995
997
1005
1007
1011
1021
1026
1032
1034
1039
1051
1052
1072
1073
1079
1080
1102
1105
1107
1110
1111
1113
1114
1125
1127
1129
1137
1140
1142
1147
1150
1159
1162
1163
1174
1177
1187
1189
1190
1193
1197
1199
1203
1204
1214
1221
1227
1243
1253
1255
1262
1279
1282
1295
1297
1299
1302
1325
1327
1330
1334
1337
1344
1349
1367
1382
1383
1397
1399
1406
1410
1413
1419
1420
1426
1429
1431
1437
1458
1471
1472
1474
1478
1479
1483
1487
1500
1502
1505
1506
1507
1512
1513
1515
1519
1521
1522
1532
1533
1545
1548
1550
1558
1583
1589
1597
1601
1603
1609
1613
1625
1628
1630
1637
1638
1640
1641
1668
1670
1672
1676
1677
1684
1699
1702
1710
1715
1716
1720
1728
1747
1759
1768
1782
1786
1791
1796
1797
1800
1803
1815
1817
1830
1832
1833
1855
1862
1870
1875
1878
1880
1881
1882
1888
1891
1896
1898
1899
1905
1907
1908
1910
1913
1919
1920
1922
1928
1929
1933
1948
1956
1967
1986
1992
1994
1996
2011
2017
2026
2029
2035
2039
2046
2047
2048
2053
2054
2059
2068
2078
2081
2083
2090
2095
2114
2118
2121
2122
2130
2137
2139
2143
2145
2152
2168
2169
2171
2173
2177
2180
2181
2183
2191
2200
2210
2215
2229
2231
2235
2238
2241
2244
2251
2259
2268
2271
2278
2280
2282
2284
2286
2288
2290
2295
2301
2314
2318
2328
2341
2352
2362
2368
2369
2375
2382
2383
2385
2388
2391
2402
2408
2412
2416
2419
2430
2440
2444
2445
2448
2454
2456
2460
2466
2467
2468
2469
2471
2474
2489
2498
2509
2511
2512
2518
2524
2527
2532
2536
2540
2543
2545
2548
2553
2562
2573
2577
2578
2580
2586
2595
2601
2603
2604
2606
2607
2610
2612
2614
2615
2621
2628
2631
2637
2641
2647
2652
2656
2682
2689
2692
2695
2698
2699
2701
2704
2713
2714
2715
2730
2736
2740
2747
2766
2774
2775
2778
2784
2786
2793
2800
2805
2806
2807
2816
2820
2834
2837
2838
2842
2848
2855
2859
2860
2864
2868
2869
2871
2879
2880
2881
2888
2891
2896
2900
2902
2903
2905
2913
2916
2921
2934
2938
2939
2941
2942
2943
2946
2949
2963
2968
2969
2979
2982
2986
3005
3013
3016
3018
3019
3021
3023
3026
3034
3035
3040
3042
3054
3056
3058
3062
3068
3076
3086
3098
3108
3112
3113
3121
3137
3139
3140
3142
3148
3150
3186
3187
3198
3201
3211
3213
3215
3216
3221
3224
3235
3236
3247
3254
3255
3256
3257
3259
3260
3261
3263
3264
3265
3266
3274
3280
3285
3286
3304
3310
3311
3316
3336
3344
3354
3364
3367
3376
3377
3379
3387
3399
3401
3415
3418
3423
3426
3427
3430
3434
3445
3455
3459
3484
3485
3490
3494
3497
3501
3512
3517
3524
3530
3531
3535
3538
3545
3548
3550
3558
3568
3569
3575
3586
3587
3588
3605
3606
3608
3611
3616
3622
3624
3625
3630
3632
3635
3638
3649
3650
3654
3657
3662
3663
3665
3672
3674
3682
3688
3694
3707
3712
3714
3718
3723
3735
3740
3741
3749
3751
3757
3764
3769
3777
3778
3784
3786
3789
3791
3793
3802
3817
3822
3824
3829
3832
3836
3847
3849
3866
3870
3889
3906
3907
3909
3919
3924
3947
3950
3955
3962
3988
3992
4018
4030
4034
4037
4041
4045
4049
4050
4051
4055
4060
4061
4067
4075
4082
4084
4088
4099
4105
4113
4114
4119
4122
4127
4130
4131
4132
4134
4140
4143
4147
4154
4156
4172
4177
4178
4181
4185
4202
4204
4217
4255
4257
4262
4266
4270
4275
4280
4289
4292
4294
4303
4319
4321
4328
4351
4355
4384
4391
4399
4401
4402
4407
4408
4416
4422
4426
4427
4428
4438
4440
4449
4451
4456
4468
4469
4475
4481
4482
4483
4484
4495
4503
4522
4530
4537
4554
4557
4558
4562
4566
4567
4568
4569
4576
4580
4593
4594
4609
4613
4618
4625
4632
4637
4642
4649
4651
4656
4662
4669
4673
4674
4676
4677
4687
4688
4689
4696
4700
4701
4713
4716
4719
4723
4727
4728
4730
4731
4740
4751
4755
4759
4764
4766
4768
4779
4780
4788
4789
4794
4799
4801
6282
6283
6284
6285
6286
6287
6288
6289
6290
6291
6292
6293
6294
6295
6296
6297
6299
6300
6303
6304
6305
6306
6308
6309
6310
6311
6313
6314
6315
6316
6317
6318
6320
6321
6323
6324
6326
6327
6328
6329
6330
6331
6332
6333
6334
6335
6336
6338
6339
6341
6342
6343
6344
6345
6346
6347
6348
6350
6352
6353
6354
6355
6356
6357
6358
6359
6360
6362
6363
6364
6365
6367
6369
6370
6371
6372
6373
6374
6375
6376
6377
6378
6379
6380
6381
6382
6383
6384
6385
6386
6387
6388
6389
6390
6391
6392
6393
6396
6397
6398
6399
6402
6403
6405
6406
6407
6408
6409
6410
6411
6412
6413
6414
6415
6416
6417
6418
6419
6420
6421
6422
6424
6425
6426
6428
6429
6430
6431
6433
6434
6435
6436
6437
6438
6439
6440
6441
6442
6443
6444
6446
6447
6448
6449
6450
6451
6452
6453
6454
6455
6456
6457
6458
6459
6461
6462
6463
6464
6465
6466
6467
6468
6469
6470
6471
6472
6473
6474
6475
6476
6477
6478
6479
6482
6483
6484
6485
6486
6487
6488
6489
6490
6491
6492
6493
6494
6495
6496
6497
6498
6499
6500
6501
6502
6503
6504
6505
6508
6509
6510
6511
6512
6513
6515
6516
6517
6518
6519
6520
6521
6523
6524
6525
6526
6527
6528
6529
6530
6531
6532
6533
6534
6535
6536
6537
6538
6539
6540
6541
6543
6544
6545
6546
6547
6548
6549
6550
6551
6552
6553
6554
6555
6556
6557
6558
6559
6560
6561
6563
6564
6565
6566
6567
6568
6569
6570
6571
6572
6573
6574
6575
6576
6577
6578
6579
6580
6581
6582
6584
6585
6586
6587
6588
6589
6590
6591
6592
6593
6594
6595
6596
6597
6598
6599
6600
6601
6602
6604
6605
6606
6607
6608
6609
6610
6611
6612
6613
6614
6615
6617
6618
6619
6621
6624
6625
6626
6627
6629
6630
6631
6632
6633
6634
6635
6636
6637
6638
6639
6640
6641
6642
6643
6644
6645
6646
6647
6648
6649
6650
6651
6652
6653
6654
6655
6656
6659
6660
6661
6662
6663
6664
6665
6668
6670
6671
6672
6673
6674
6675
6676
6677
6678
6679
6680
6681
6682
6683
6684
6686
6687
6688
6689
6690
6691
6692
6693
6694
6695
6696
6697
6699
6700
6701
6702
6703
6704
6705
6706
6707
6708
6709
6710
6711
6712
6713
6714
6715
6716
6717
6718
6719
6721
6722
6723
6724
6725
6726
6727
6728
6729
6730
6731
6732
6733
6734
6735
6736
6737
6738
6739
6740
6741
6742
6743
6744
6745
6746
6747
6748
6749
6750
6751
6752
6753
6754
6755
6756
6757
6758
6760
6761
6762
6763
6764
6765
6767
6768
6769
6770
6771
6772
6774
6775
6776
6777
6778
6779
6780
6781
6782
6783
6784
6785
6786
6787
6788
6789
6790
6791
6792
6794
6795
6796
6797
6798
6799
6800
6801
6802
6803
6804
6805
6806
6807
6808
6809
6810
6811
6812
6813
6814
6815
6816
6817
6818
6819
6820
6821
6822
6823
6824
6825
6826
6827
6828
6829
6830
6831
6832
6833
6834
6835
6836
6837
6838
6839
6840
6841
6842
6843
6844
6845
6847
6849
6850
6851
6852
6853
6854
6855
6857
6858
6859
6860
6861
6862
6863
6864
6865
6866
6867
6868
6869
6870
6871
6872
6873
6874
6876
6877
6878
6880
6881
6882
6883
6884
6885
6886
6887
6888
6889
6890
6891
6892
6893
6894
6895
6896
6898
6899
6901
6902
6903
6904
6905
6906
6907
6908
6909
6910
6911
6912
6913
6914
6915
6916
6917
6919
6920
6921
6922
6923
6924
6925
6926
6927
6929
6930
6931
6932
6933
6934
6935
6937
6938
6940
6941
6943
6944
6946
6947
6948
6949
6950
6951
6952
6954
6955
6956
6957
6958
6959
6960
6961
6963
6964
6965
6966
6967
6968
6969
6970
6971
6972
6973
6974
6975
6976
6977
6978
6979
6980
6981
6982
6983
6984
6985
6986
6987
6988
6989
6990
6991
6992
6993
6994
6995
6996
6998
6999
7000
7001
7002
7003
7004
7005
7006
7007
7008
7009
7010
7011
7013
7014
7017
7018
7019
7020
7022
7023
7024
7026
7027
7030
7031
7032
7033
7035
7036
7037
7038
7039
7040
7041
7042
7043
7044
7045
7046
7047
7048
7049
7050
7051
7052
7053
7054
7056
7057
7058
7059
7060
7061
7062
7064
7065
7066
7067
7068
7070
7071
7072
7073
7074
7075
7076
7077
7078
7079
7080
7081
7082
7083
7084
7085
7086
7087
7088
7089
7090
7091
7092
7093
7094
7095
7096
7097
7098
7099
7100
7101
7102
7103
7104
7105
7106
7107
7108
7109
7110
7111
7112
7113
7115
7116
7118
7119
7121
7122
7123
7124
7125
7126
7128
7129
7130
7131
7132
7133
7134
7135
7136
7137
7138
7139
7140
7141
7142
7143
7144
7145
7146
7147
7148
7149
7150
7151
7152
7153
7154
7155
7156
7158
7159
7160
7161
7162
7163
7164
7165
7166
7168
7169
7171
7172
7173
7174
7175
7176
7178
7179
7180
7181
7182
7183
7184
7185
7187
7188
7190
7191
7192
7193
7194
7195
7196
7197
7198
7199
7200
7201
7202
7203
7204
7205
7206
7207
7208
7209
7211
7212
7214
7215
7218
7219
7220
7221
7222
7223
7225
7226
7227
7228
7229
7230
7231
7232
7233
7234
7236
7237
7239
7240
7241
7242
