0 985
1 331
1 4812
2 346
2 430
2 732
3 363
3 5561
4 86
4 3990
5 373
6 4155
7 287
8 1190
9 291
10 3963
11 448
11 6071
12 452
13 3461
14 64
14 510
14 5435
15 325
16 170
17 4535
18 6210
18 6243
19 625
20 526
20 5722
21 500
21 3993
22 266
23 616
24 119
24 273
24 546
25 6754
26 137
26 300
26 402
26 699
26 719
26 6510
27 604
28 607
29 2471
30 669
31 5994
32 489
33 437
34 207
34 3854
35 571
36 347
36 540
37 399
38 394
38 3959
39 298
39 428
40 697
41 442
42 147
42 339
42 419
42 576
43 7416
44 55
44 3590
44 4568
45 285
45 558
45 712
46 82
46 5906
47 342
47 445
47 745
48 6716
49 1751
50 5756
51 387
51 662
51 5817
51 5919
52 3351
53 6081
54 3960
55 206
55 446
56 431
57 173
57 638
57 3376
57 5337
57 5869
58 2430
58 5332
59 440
59 557
60 276
60 460
60 726
60 3973
61 248
62 5568
63 3984
65 158
66 528
67 6879
68 665
69 3541
70 315
71 641
71 728
72 1951
73 6074
74 2099
75 3811
76 1737
77 1726
78 393
79 609
80 3760
80 5800
81 828
83 627
84 344
85 5628
86 311
86 480
86 5486
87 623
88 145
88 456
89 277
89 743
90 3648
90 5489
91 348
91 3968
92 407
93 330
94 356
94 444
95 2284
96 5051
97 4978
98 4674
99 316
100 3462
101 4276
102 1117
103 6740
104 396
105 359
106 508
106 729
107 4629
108 256
108 1874
109 2535
110 3998
111 364
112 4576
113 555
114 2657
115 404
115 5020
115 6242
116 536
117 216
117 534
118 5599
120 161
120 7488
121 1008
121 4919
122 6027
123 1417
123 5669
123 7139
123 7518
124 304
124 744
125 303
126 670
127 501
127 1700
128 590
128 3964
129 181
129 384
129 4764
129 6063
129 6250
130 235
131 673
131 705
132 5522
133 210
133 1175
134 3981
135 2944
136 138
138 411
139 519
140 723
141 3721
142 312
142 5463
142 6224
143 357
144 301
146 3744
147 236
148 4565
149 1350
150 435
151 405
152 4459
152 5610
153 220
153 654
154 5914
155 373
155 4739
156 4642
157 255
157 708
158 5034
159 720
160 704
162 483
162 5609
163 3977
164 376
165 313
165 4211
166 309
167 175
167 696
168 218
169 1520
171 485
172 3850
174 312
174 3796
176 519
177 5340
178 706
179 5713
180 359
180 5945
182 615
183 236
184 505
185 2067
186 253
186 7431
187 3733
188 4832
188 5397
189 613
190 3266
191 3435
191 5604
192 294
192 5395
193 329
194 5365
195 3879
196 4754
197 1629
198 458
198 3603
199 599
200 371
201 746
202 2225
203 230
204 7437
205 5568
208 295
209 5730
211 218
212 462
213 3958
214 331
215 5976
217 563
218 250
218 589
218 5225
219 4206
221 2072
222 4150
223 600
224 479
225 328
226 769
227 340
228 739
229 629
230 496
231 345
232 5391
233 566
234 370
237 336
238 308
239 5812
240 347
241 368
242 5112
243 344
244 323
244 6021
245 4831
246 633
247 4265
248 6952
249 1844
251 511
252 4864
253 978
253 6182
254 710
254 4767
257 354
258 6265
259 529
260 3908
260 6541
261 3482
262 306
263 2232
264 6190
265 1401
267 353
268 1476
269 286
269 626
269 5436
270 2208
271 5600
272 747
274 606
275 433
278 5294
279 1581
280 584
281 316
282 1652
283 1483
284 1426
288 5997
288 7176
289 334
289 341
289 3357
290 495
291 5629
292 457
293 573
295 2323
296 3999
297 2537
298 5304
299 5863
299 6011
302 3869
304 314
305 5229
306 537
307 4002
308 494
310 596
311 1688
312 1550
312 1951
312 2588
312 4160
312 5711
317 776
318 422
319 620
320 533
321 682
321 5670
322 424
323 749
324 1594
324 7489
324 7541
326 3962
327 1163
330 4960
332 5986
333 5578
334 5619
335 463
336 357
336 5734
337 551
338 1429
340 554
343 577
349 993
350 3976
351 2945
352 674
353 703
353 1683
354 374
355 1717
356 5543
357 594
357 711
357 1734
357 5091
358 498
359 3270
360 721
360 3966
360 5391
360 5688
361 4944
362 4023
365 1362
366 6777
367 738
367 3983
369 5419
372 575
374 635
374 5905
375 727
375 4777
376 715
377 567
378 386
379 5959
380 3561
381 544
381 748
382 3999
383 643
385 502
385 661
386 514
388 3961
389 429
389 5101
390 621
391 3538
392 750
392 2041
394 506
395 512
396 521
397 413
398 680
398 3970
400 991
401 5166
403 1718
406 1616
406 3994
406 5514
407 6115
408 1386
408 3226
409 2000
410 2365
411 513
411 642
412 5652
413 5619
414 524
415 6025
416 3995
417 2539
418 487
418 734
420 517
420 637
420 3958
421 5013
422 545
423 3980
425 471
425 3996
426 4366
427 3806
428 1547
430 2191
431 532
432 749
432 6163
434 504
435 6496
436 4507
438 470
439 5245
441 619
442 3323
443 465
447 746
447 2980
448 527
449 768
450 601
451 522
451 3991
452 1618
453 710
454 5198
455 499
456 5119
457 486
459 581
459 696
459 803
461 1359
463 482
464 5820
465 507
465 2502
466 610
467 1241
468 675
469 3831
469 4817
471 580
472 3982
473 1145
473 3956
474 617
475 1729
476 2712
477 692
478 598
481 1329
482 851
482 2207
484 5973
486 3264
487 556
487 2318
488 677
490 1447
490 4986
490 5116
491 562
492 5733
493 3976
493 4277
496 4799
497 3899
503 901
504 1686
509 561
509 3287
511 3268
512 4390
513 4810
514 1218
515 740
515 7197
516 574
516 666
518 737
519 671
519 1149
519 4236
519 4370
519 4989
519 5012
519 5272
519 5440
519 5724
520 672
520 4025
521 7504
523 2399
525 3841
525 5533
527 3322
528 1626
529 3586
530 587
531 552
531 641
532 1732
532 2427
533 5394
534 5603
535 967
536 611
537 2723
537 4460
538 651
539 1712
539 3286
540 2637
541 583
542 612
542 1242
542 2143
543 5419
543 7527
546 1627
547 725
547 1727
548 4491
548 6002
549 4838
550 656
550 4411
551 1681
551 6095
553 560
553 758
553 1697
553 3966
553 4758
559 735
559 5298
560 1694
560 7561
561 3634
563 5315
564 722
564 6262
565 3241
565 7597
568 622
569 612
569 3580
570 3989
571 3633
572 909
573 1709
573 2973
574 4899
575 2474
578 714
579 1513
579 3963
582 3104
582 4979
582 6839
583 742
584 3967
585 5512
586 701
586 1698
587 6225
588 4032
588 5987
590 1731
591 5104
592 3918
593 1665
594 1716
594 1720
594 5942
595 713
596 7193
597 5260
597 6155
599 2540
600 1739
601 4936
602 3530
603 3992
603 5765
604 2614
605 1714
605 4745
608 664
608 6197
609 4772
609 4779
609 6016
612 3988
614 615
615 665
618 7562
619 5784
620 645
621 6008
622 3531
622 3968
622 5325
623 4072
624 7480
626 3571
626 4916
626 5443
626 6683
627 1813
628 3974
630 3955
631 5866
632 1933
634 956
636 4901
639 3555
640 1623
641 3238
642 5727
644 5013
644 5291
645 4713
646 3750
647 689
647 2000
648 6103
649 5114
650 695
650 5983
652 749
652 3307
653 2221
654 676
654 1733
655 7145
657 2757
658 2905
658 4763
658 5529
659 6216
660 735
663 722
665 949
665 4833
666 5558
667 5536
668 706
670 1746
674 2807
675 688
678 5255
679 5025
681 3987
683 4714
684 4890
684 5980
685 5377
686 2078
687 5578
687 6039
688 6034
689 5367
690 5291
691 3426
693 7575
694 4080
696 5612
698 7178
700 711
702 4539
703 6045
706 3979
707 2177
709 6035
715 5540
716 6411
717 2705
718 4694
718 5414
720 5066
722 6189
723 1635
724 5136
724 5274
726 5545
730 1677
731 5225
733 2511
736 4001
738 6121
739 5606
741 2124
744 3631
746 2356
747 4588
750 1706
751 2175
752 4812
753 5413
754 3091
755 3856
756 767
756 1267
756 4259
756 4784
757 1119
759 1254
759 7398
760 3087
760 3393
760 4606
761 5916
762 1793
762 5333
763 5822
764 2594
765 5445
766 7532
767 2574
767 7253
768 1805
768 5720
769 4123
770 3869
771 4977
772 2704
773 7458
774 4825
775 2622
775 3488
776 2556
776 3720
776 4374
776 4722
777 2247
777 4747
777 5858
778 1289
779 4364
780 1302
780 4346
781 1334
781 1641
782 2805
783 1172
783 1559
783 4264
783 4270
783 4373
783 5322
784 2689
785 1034
785 1353
785 4253
785 4748
785 4762
785 5083
785 5370
785 6128
786 1456
786 5885
786 6167
787 4359
787 5362
788 1324
788 2923
789 794
789 4190
790 3332
791 5641
791 5694
792 987
792 3126
792 5214
793 1209
793 1654
793 5195
795 2163
795 3480
795 7115
796 1200
797 3121
798 1395
799 3437
800 2777
800 5341
801 3834
801 4194
802 2223
802 5232
802 5956
803 2990
803 4452
804 4328
805 4178
806 809
807 5962
808 2263
808 4344
809 1297
809 2389
809 4365
810 1535
811 1423
812 4115
813 2904
813 5712
814 947
814 3465
814 3702
815 1186
815 3308
815 3645
816 1128
816 1367
816 3765
816 6171
817 4381
817 4811
818 2020
819 3793
820 1460
821 2094
822 2051
822 3240
823 2142
824 3899
825 6732
826 3825
827 3910
829 3932
829 5525
830 1911
831 4343
832 1979
833 2132
834 933
835 2131
836 856
836 1535
837 1440
838 5381
839 907
839 2069
840 6157
841 1434
842 3053
843 1438
844 2063
845 3934
845 5569
846 1553
847 1996
847 3242
848 2357
849 852
849 4518
850 2515
853 1522
854 1474
855 4432
857 5585
858 1980
859 2124
860 3858
861 6725
862 5101
863 2016
864 5955
865 2028
866 1432
867 2014
868 4844
869 970
869 1692
870 3018
871 1565
872 5687
873 1441
873 5561
874 3172
875 2018
876 5342
877 5000
878 2152
879 980
880 2374
881 2121
882 2108
883 2024
884 1999
885 5710
886 1979
886 3190
887 1479
888 6359
889 1492
890 1474
891 2113
892 2124
893 1565
894 1449
895 946
895 3592
896 1566
897 2023
898 1523
899 987
900 988
900 4687
900 5029
901 1467
901 6356
902 1107
903 1579
904 6968
905 981
906 1268
907 992
907 2699
908 1139
908 6308
909 5951
909 6961
910 2985
911 1530
911 6923
912 6260
913 949
914 3864
915 5204
916 2476
917 6085
918 1445
919 957
919 6006
920 2115
921 1103
922 3860
923 5000
924 6126
925 975
925 1535
926 1480
927 2136
928 964
929 986
929 5238
929 5312
930 932
930 1532
930 4363
930 6468
931 2665
934 3368
935 3873
935 6293
936 1910
937 987
938 5671
939 1498
940 3381
940 3890
941 2993
941 4299
942 6066
943 2145
943 3399
944 4812
945 6009
946 1477
948 2019
949 965
950 1335
951 5365
952 2211
953 2138
954 1346
955 2109
956 2098
957 1461
957 4468
958 2933
959 3875
960 1574
961 2030
962 1569
963 3034
964 4999
964 5476
966 2083
967 1349
968 5073
969 1482
969 4504
970 2619
971 3789
972 2862
973 1154
974 981
974 3909
976 1905
977 3813
978 2714
979 1549
982 2728
983 2999
983 3318
984 2060
988 6090
989 999
990 1509
992 2518
992 3917
992 5492
993 5542
994 1571
995 5705
996 5853
997 2000
998 4509
999 5845
1000 2132
1001 2080
1002 4307
1003 2867
1003 7223
1004 3146
1004 3725
1005 4494
1005 5758
1006 3686
1007 4491
1009 3731
1009 4019
1010 5852
1011 4265
1012 1126
1013 5732
1014 2830
1015 4559
1016 4735
1016 4780
1016 6450
1017 5585
1018 6088
1019 2423
1020 4444
1021 3874
1022 6252
1023 7551
1024 3297
1024 3916
1024 5769
1025 2898
1026 1048
1027 1098
1028 1895
1028 2942
1029 6473
1030 1176
1031 2920
1032 2157
1032 4464
1033 1038
1034 1882
1034 2909
1034 3341
1034 5455
1034 6142
1035 4165
1036 1228
1036 3883
1036 4218
1037 1908
1038 1100
1038 6236
1039 2919
1040 1850
1040 3985
1040 5867
1041 1766
1041 3544
1042 1092
1043 2913
1044 1060
1045 1061
1045 1097
1046 2507
1046 3122
1047 1121
1048 3789
1049 1572
1049 3078
1050 1915
1051 5214
1052 2882
1052 4539
1053 1887
1053 4531
1054 1095
1055 1120
1056 2879
1056 3502
1057 1855
1057 2794
1058 2109
1058 4317
1059 6276
1060 2470
1060 5752
1060 6983
1062 1094
1063 1072
1064 3183
1065 1661
1065 2610
1065 3121
1065 5943
1065 6868
1065 7603
1066 3901
1066 4170
1067 2077
1068 2886
1068 2957
1069 2149
1069 4593
1070 1868
1071 1246
1071 1472
1073 5825
1074 4636
1075 1100
1076 1101
1077 2972
1078 2870
1079 3866
1080 3615
1081 2991
1082 1907
1083 3561
1084 2890
1085 4325
1085 4440
1086 5110
1087 6066
1088 1112
1088 3339
1088 3365
1089 1618
1090 5056
1091 4179
1092 1814
1093 5710
1094 4214
1096 4892
1097 6125
1099 2878
1101 2922
1102 1773
1102 2809
1104 4693
1105 5691
1105 6100
1106 1851
1106 2907
1108 1774
1108 2885
1109 1619
1110 5189
1111 2940
1113 2899
1114 1371
1114 3889
1115 1879
1116 4577
1117 5155
1117 6040
1118 1135
1118 5246
1119 1303
1119 2979
1122 3609
1123 5974
1124 3793
1124 4634
1125 3877
1126 2236
1126 4536
1127 3519
1129 3055
1129 4843
1130 1144
1131 1145
1132 2518
1133 2205
1134 6168
1136 5210
1136 5372
1137 7164
1138 3538
1139 3180
1140 5279
1141 1870
1141 2450
1142 5116
1142 5844
1143 1502
1144 1404
1144 3207
1144 3423
1144 3940
1145 6098
1146 4808
1147 5138
1148 3722
1150 2401
1150 6345
1151 5159
1152 5198
1152 6205
1152 7006
1153 4161
1155 2735
1156 1182
1156 1852
1156 4186
1157 4207
1157 4624
1158 3517
1158 4172
1159 5972
1160 1388
1160 3870
1161 3368
1162 1236
1163 1373
1164 1214
1165 5476
1166 5056
1167 1291
1167 1380
1167 3464
1167 5699
1168 4169
1169 4372
1170 1275
1171 4184
1172 2186
1172 6147
1173 1377
1173 1964
1174 5697
1176 3518
1176 4309
1177 1334
1178 2788
1178 3475
1179 1181
1179 1253
1179 5944
1180 1778
1181 4987
1183 2365
1183 3309
1184 1637
1184 2106
1184 4064
1184 7496
1185 1497
1185 4514
1185 4688
1185 4690
1186 2194
1186 2877
1187 3599
1188 4310
1189 4495
1190 1208
1191 4902
1192 2738
1192 3455
1192 4210
1192 4870
1193 2201
1193 2853
1194 1281
1194 1425
1194 1562
1195 4962
1196 4168
1197 2961
1198 7554
1199 1283
1199 5958
1200 1249
1201 1382
1201 3456
1202 1214
1203 4064
1204 2304
1204 5290
1205 5900
1206 4132
1207 4410
1208 3422
1208 5251
1210 1255
1210 2926
1211 2432
1211 3234
1212 2710
1212 4723
1212 5017
1213 4831
1213 5118
1213 5639
1214 1424
1214 3822
1215 1266
1215 3199
1215 3497
1216 3291
1217 3193
1219 1300
1220 3613
1221 1295
1221 4194
1221 6773
1222 2901
1222 3178
1223 1280
1223 1972
1223 2780
1223 3449
1223 5606
1224 3492
1225 1355
1225 2046
1226 1323
1226 1437
1226 2746
1226 3844
1226 4726
1226 5034
1227 5167
1228 1282
1228 3461
1229 2913
1230 2787
1230 5827
1231 4215
1232 1657
1232 4512
1233 2303
1234 1235
1234 3466
1235 1347
1236 1293
1236 4358
1237 5124
1238 1316
1239 1256
1239 2004
1239 3471
1240 1290
1240 3452
1240 3605
1240 3912
1241 5887
1242 4478
1243 1398
1244 2372
1244 3476
1244 5408
1245 1321
1245 1866
1245 4754
1246 1278
1246 3495
1246 5250
1247 3039
1247 4097
1247 4187
1247 4796
1247 6041
1247 7471
1248 1408
1249 1320
1249 2634
1250 2656
1250 2768
1251 2686
1251 3510
1252 3794
1253 1325
1257 3888
1258 4173
1258 4945
1259 3538
1259 5126
1260 3496
1261 3501
1262 1350
1263 3487
1264 3439
1265 5239
1268 2889
1268 4360
1268 5584
1268 6635
1269 3474
1270 2348
1270 7307
1271 1338
1271 5635
1272 6998
1273 1857
1274 5167
1275 1647
1276 1869
1276 5581
1277 2832
1279 5637
1281 3937
1284 5711
1285 3604
1286 1384
1286 1652
1286 6809
1287 3301
1287 5651
1288 6102
1290 1326
1292 4370
1292 5729
1293 5490
1293 5954
1294 1623
1296 3443
1297 3478
1298 4208
1299 4378
1301 4363
1302 3459
1304 1370
1305 2947
1306 4191
1306 5426
1307 3467
1307 4356
1308 2750
1309 3481
1309 5979
1310 1399
1311 4177
1311 4846
1312 3699
1313 2358
1314 6091
1315 5879
1317 1378
1317 3585
1318 1612
1318 2831
1318 3728
1319 3458
1319 4233
1322 5053
1327 4300
1327 5949
1328 5976
1329 4360
1329 5378
1330 1343
1331 3525
1332 5540
1333 3127
1336 3756
1337 2325
1339 5933
1340 4563
1341 4912
1342 3609
1343 4231
1344 2758
1345 5888
1347 1393
1348 1415
1351 2843
1352 4189
1353 2079
1353 2821
1353 2866
1353 7361
1354 2771
1356 4882
1356 5582
1357 6845
1358 6215
1359 4177
1360 2899
1361 2819
1361 4819
1361 5549
1361 5849
1361 6558
1362 6229
1363 2994
1364 1616
1365 3304
1366 6030
1368 5957
1369 3454
1371 2420
1372 4184
1373 3649
1374 1424
1375 5534
1375 5562
1376 2022
1376 3113
1379 7451
1381 3829
1383 2882
1384 5161
1384 6733
1385 2748
1386 3507
1387 2226
1389 4569
1390 4285
1391 1392
1392 2874
1392 5152
1393 6497
1394 5056
1396 4380
1397 1666
1397 4187
1397 5744
1397 5843
1400 5789
1401 4110
1402 4201
1403 3065
1405 5645
1406 4353
1407 2888
1407 3387
1409 2082
1410 4213
1411 4611
1412 4232
1413 4207
1414 4208
1415 2090
1416 2705
1418 5404
1419 4190
1420 6251
1421 2016
1422 2355
1425 4542
1426 7441
1427 5360
1428 7360
1430 3058
1430 3485
1431 1540
1431 2868
1431 5094
1433 4832
1433 5888
1434 2112
1435 5179
1436 1482
1439 2039
1441 5454
1442 1634
1443 5833
1444 1742
1445 2035
1445 5572
1446 5097
1446 6247
1447 3927
1448 1821
1448 7429
1449 5244
1449 5901
1450 5634
1451 2156
1452 1495
1452 2141
1452 5374
1453 1567
1454 5843
1455 3215
1455 4711
1456 2075
1456 2565
1456 7383
1457 6997
1458 4219
1458 5282
1459 1490
1461 2130
1462 1623
1463 1613
1463 5312
1464 5004
1465 2031
1466 1573
1466 3835
1467 2051
1467 2674
1468 1617
1469 2107
1470 5646
1471 4306
1473 3811
1475 1500
1475 6217
1477 1615
1478 1703
1478 2737
1480 1670
1481 2014
1482 1521
1484 3926
1485 2036
1486 1520
1486 2119
1487 2259
1487 3407
1488 5886
1489 2752
1490 1567
1490 6043
1491 2091
1491 2560
1493 2116
1494 5088
1494 5498
1496 3893
1498 4950
1498 6264
1499 1545
1499 2458
1500 2034
1500 3885
1501 3857
1503 3921
1504 2918
1505 2135
1506 1572
1507 2059
1508 2348
1509 3918
1510 6072
1511 5468
1511 6046
1512 6090
1514 1651
1515 4344
1516 3562
1517 2146
1518 4326
1519 2150
1520 4541
1521 2044
1523 2639
1523 5278
1524 5117
1525 1622
1526 2074
1527 1990
1528 1535
1529 3848
1530 2111
1531 3473
1533 5749
1534 5857
1536 2028
1537 4459
1538 2155
1539 4278
1541 5074
1542 2003
1542 7468
1543 2025
1543 3842
1544 1650
1544 2033
1544 3853
1546 5699
1548 2117
1549 2043
1549 3882
1551 2153
1552 7502
1553 2110
1554 7288
1555 1648
1556 5628
1557 3833
1557 5363
1557 6184
1558 5183
1560 3163
1561 6920
1563 3549
1564 2041
1568 3915
1570 6050
1574 2090
1575 1630
1576 3613
1576 5105
1576 5537
1577 2796
1578 2492
1578 3664
1578 4715
1580 2490
1581 4942
1582 3686
1582 3897
1583 3385
1584 2313
1584 3164
1584 6007
1585 3815
1586 1669
1586 4996
1587 2491
1588 4447
1588 6120
1589 3810
1590 1605
1590 5571
1591 1607
1592 2925
1593 3749
1594 3426
1595 1675
1596 4910
1597 2460
1598 4301
1599 2277
1600 2687
1601 1603
1602 5613
1604 5654
1606 3682
1607 1609
1607 6150
1608 5651
1610 3950
1610 5967
1611 4320
1611 5878
1612 2066
1613 2912
1614 2925
1617 6049
1618 1842
1618 4809
1619 1647
1619 2510
1619 4657
1620 2144
1621 2611
1622 5642
1623 3379
1624 2138
1625 2068
1628 4154
1629 1633
1629 1759
1629 2491
1629 6465
1630 4355
1631 1646
1632 2053
1634 6304
1636 1938
1637 2010
1637 7344
1638 5131
1638 6150
1639 6406
1640 5233
1641 3311
1641 4897
1642 3289
1643 6973
1643 7046
1644 5582
1645 4367
1647 3313
1648 3862
1649 2100
1651 2805
1653 3900
1653 6053
1654 2154
1654 2606
1655 4268
1656 4917
1657 1658
1659 5994
1660 4846
1662 3352
1662 7314
1663 2969
1664 3632
1665 2604
1665 5037
1667 5061
1668 2438
1671 2471
1672 4599
1673 2141
1673 4162
1674 5406
1675 1733
1675 5057
1676 5749
1678 2876
1679 5936
1679 6000
1679 6238
1680 5729
1682 4969
1684 5104
1685 1704
1687 3865
1688 4776
1689 7402
1690 5053
1691 3254
1693 4368
1695 5879
1696 5456
1699 5959
1701 6135
1702 3803
1703 5725
1704 2976
1705 2702
1706 4768
1706 5392
1707 4547
1708 1736
1708 2204
1708 6104
1709 1724
1710 5298
1710 5762
1711 3818
1713 5236
1715 3647
1717 4895
1718 2133
1719 6156
1721 4998
1722 3994
1723 2978
1725 5873
1728 2476
1730 3971
1733 5140
1734 5236
1735 3912
1735 5122
1738 3790
1739 4006
1739 6617
1739 7263
1740 1757
1740 1775
1740 5965
1741 1925
1741 3005
1741 5417
1742 2988
1743 1811
1743 1812
1744 1929
1745 4130
1746 1749
1747 3849
1748 2874
1749 4615
1749 5199
1749 5850
1750 1761
1752 1898
1753 1809
1753 1829
1754 2027
1755 2591
1756 3647
1756 5039
1757 1835
1758 1796
1758 4599
1760 3712
1761 1762
1761 1803
1763 1910
1764 5630
1765 1826
1767 5556
1767 6387
1768 1910
1769 4255
1769 4712
1770 2659
1770 7602
1771 1881
1771 4059
1772 2925
1776 5173
1777 3355
1778 1867
1779 2051
1780 1796
1781 4706
1782 2535
1783 2655
1784 1843
1785 1921
1786 2906
1787 1878
1788 3306
1789 1903
1790 4108
1791 1826
1792 1892
1794 4926
1795 1833
1797 2887
1798 1864
1799 1877
1799 2894
1800 1868
1801 2011
1802 5156
1803 1825
1803 1940
1803 1984
1804 1865
1806 3823
1807 5410
1808 4350
1809 1811
1810 2112
1811 5164
1815 1848
1816 2083
1817 2946
1818 3563
1819 1839
1820 1912
1822 1855
1823 3371
1824 1856
1824 1895
1824 1932
1826 1860
1826 1920
1826 4813
1827 2812
1828 5705
1830 1931
1831 2944
1832 4869
1833 5101
1834 5261
1836 5269
1836 5749
1837 5530
1838 4363
1840 3190
1841 1904
1841 4996
1843 2524
1844 1936
1845 3409
1846 5453
1847 5791
1849 5523
1853 2845
1854 1913
1854 2867
1858 5335
1859 5476
1861 4569
1862 2725
1863 5713
1865 3102
1871 5317
1872 6281
1873 2948
1875 1884
1875 4587
1876 3021
1878 4028
1878 5700
1879 4796
1879 5078
1880 5413
1882 1935
1883 1929
1883 5822
1885 5661
1886 4729
1888 3468
1888 3819
1889 5499
1890 2737
1891 1917
1891 3511
1893 2908
1894 5701
1894 6404
1896 5430
1897 1922
1899 5271
1900 1905
1901 2124
1902 2126
1903 4547
1904 3391
1905 5501
1906 2964
1909 2573
1909 4200
1909 6032
1910 1934
1914 5472
1915 1937
1916 5007
1918 7574
1919 3774
1921 2989
1922 5591
1923 6012
1924 3797
1924 5297
1926 4586
1927 7360
1928 2137
1930 2798
1930 4869
1937 5952
1939 3191
1941 1948
1942 1977
1943 2930
1944 2845
1944 4792
1945 2482
1946 1959
1947 2908
1947 4874
1948 4385
1949 4309
1950 4529
1950 6165
1951 3508
1951 5622
1952 5286
1953 4673
1953 5168
1954 4090
1955 1974
1956 5393
1957 4326
1958 3343
1960 2526
1960 4932
1961 3075
1961 4643
1962 4825
1963 4445
1964 3528
1964 3738
1965 3389
1965 4350
1966 2729
1966 4318
1967 4402
1967 5101
1968 4045
1969 6953
1970 4644
1970 4701
1970 7570
1971 5099
1971 5599
1973 4323
1973 4549
1974 5494
1975 3907
1976 4810
1977 5177
1978 2429
1978 2539
1979 5577
1980 2105
1980 4886
1981 4683
1982 3790
1983 4387
1984 2055
1984 2057
1984 5132
1985 3891
1986 4757
1987 2437
1987 7349
1988 2064
1989 3868
1991 7483
1992 2615
1993 2013
1994 3808
1995 2034
1995 6222
1996 2717
1997 7534
1998 3574
1999 3818
2000 3440
2000 5001
2000 5524
2001 3341
2002 5917
2003 4281
2005 2034
2006 2141
2007 7532
2008 5074
2009 4413
2009 5780
2011 2558
2012 3870
2013 2198
2014 3260
2015 2150
2015 3337
2017 2196
2017 3946
2018 6295
2020 2135
2021 4501
2022 2084
2023 2974
2024 6422
2024 7359
2026 3343
2027 4397
2029 4136
2029 5050
2029 5414
2029 5564
2029 7463
2030 3925
2032 5092
2032 5988
2037 3565
2038 5984
2038 7236
2039 5401
2040 3731
2041 2581
2041 5380
2042 4920
2044 3370
2045 2129
2047 2061
2047 3929
2047 5814
2048 3819
2049 5135
2050 3924
2052 4733
2053 3570
2054 4149
2056 3182
2058 3863
2059 2062
2060 3922
2062 3881
2063 3849
2064 5423
2064 6000
2064 6196
2065 3800
2066 4142
2067 2873
2068 2950
2070 2926
2071 3930
2072 3859
2073 3556
2074 6173
2076 2156
2078 6076
2080 4677
2081 3839
2082 3269
2082 4236
2082 5231
2083 4915
2085 2396
2086 4834
2087 2880
2088 4290
2088 5687
2089 3837
2092 4909
2093 7329
2094 5273
2094 6212
2095 2126
2096 3923
2097 2155
2099 3270
2100 3560
2101 3887
2102 2118
2103 6168
2104 5224
2105 3877
2107 2735
2108 2343
2109 2632
2109 5862
2110 2255
2113 3872
2114 4431
2115 3905
2116 2266
2116 4204
2117 3821
2118 3895
2120 4679
2120 5505
2120 6270
2121 3827
2122 2139
2122 2141
2123 2454
2123 4365
2125 5032
2126 5484
2127 4875
2128 5616
2128 5909
2129 2630
2130 2888
2130 6136
2132 3907
2133 4721
2133 7007
2134 4370
2136 4183
2138 6186
2140 4376
2140 5794
2142 3815
2144 6130
2145 3610
2146 3816
2146 5687
2147 3894
2148 2900
2150 3896
2151 2795
2151 5280
2155 3865
2156 4828
2158 4025
2159 2163
2160 3646
2161 2543
2162 6188
2164 4009
2165 5004
2166 3549
2167 2229
2168 2681
2169 2479
2170 2175
2171 5678
2172 3400
2173 5547
2174 2434
2175 5466
2175 6036
2176 3183
2176 5971
2178 5284
2178 5737
2179 2210
2180 2383
2181 4970
2181 6219
2182 3005
2183 4513
2184 3885
2185 7440
2187 3366
2187 5000
2188 7015
2189 3893
2190 6295
2192 3624
2193 5518
2194 6336
2195 4516
2197 2782
2198 2227
2199 4594
2199 4613
2200 2928
2200 5403
2202 5611
2202 5723
2203 5235
2206 5995
2209 4458
2209 6064
2212 4956
2212 5920
2213 3769
2213 4659
2214 3314
2215 5474
2216 4891
2217 4042
2217 4672
2217 7316
2218 2449
2218 3427
2219 5843
2220 4250
2220 4904
2221 6081
2222 5535
2224 4669
2225 2421
2227 2603
2228 6227
2229 3017
2229 4234
2230 2682
2230 3653
2231 5641
2232 2793
2233 2665
2233 3643
2234 2413
2234 5546
2235 2370
2236 4660
2237 2306
2238 2574
2239 2305
2239 5855
2240 2311
2241 2299
2241 2391
2242 3555
2243 3088
2244 7391
2245 5939
2246 4572
2248 3469
2249 3154
2250 5410
2251 2319
2252 3823
2252 7571
2253 5037
2253 5052
2253 5257
2253 5833
2253 6188
2254 5346
2256 2320
2256 3046
2257 2493
2258 5082
2260 2660
2260 4973
2261 4560
2261 5625
2262 6094
2263 4396
2264 2308
2265 2293
2267 2291
2267 5599
2268 2279
2269 2728
2270 5329
2271 4492
2272 2312
2273 2302
2274 2333
2275 2285
2276 4605
2278 4845
2278 5171
2278 5621
2278 5683
2279 2296
2279 5834
2280 2282
2280 2959
2281 5501
2282 4943
2282 5019
2283 2663
2285 5259
2286 2315
2286 2364
2286 5740
2287 5603
2287 7086
2288 2332
2288 3055
2288 4414
2289 3932
2290 2463
2292 4949
2292 5560
2293 2295
2293 2319
2294 5654
2297 3548
2298 3644
2300 4111
2301 6283
2307 3241
2309 2935
2310 5488
2311 6415
2314 2722
2316 2589
2316 7515
2317 4126
2319 2336
2320 6534
2320 7318
2321 2505
2322 5075
2324 4973
2326 6389
2327 2829
2328 3116
2329 2546
2330 2332
2331 3615
2332 2334
2333 4486
2335 2747
2335 3382
2337 4354
2338 2442
2338 4974
2339 3802
2340 4766
2341 2353
2342 4245
2344 5032
2345 2677
2346 7535
2347 3636
2347 5185
2348 2471
2349 2494
2350 7600
2351 4196
2351 5920
2352 3898
2353 5747
2353 6181
2353 7547
2354 3425
2355 4755
2357 2998
2358 5541
2359 3860
2360 6056
2361 4291
2361 5343
2362 6450
2363 4249
2364 3577
2364 4174
2364 4213
2364 5903
2366 3299
2366 4152
2367 3676
2368 3273
2369 2555
2371 2406
2372 3600
2373 3651
2373 6116
2374 4166
2374 4243
2374 5414
2374 7321
2375 3641
2376 3368
2377 4682
2377 5158
2378 5400
2379 2383
2380 2901
2380 4803
2381 3660
2382 2722
2383 3326
2383 3687
2384 3666
2385 2395
2386 3548
2387 2406
2388 3717
2389 6272
2390 4907
2392 3748
2393 3736
2394 5243
2394 5500
2397 5547
2398 2410
2398 4837
2400 6150
2402 4326
2403 5266
2403 6716
2404 3772
2405 7209
2406 3413
2406 5809
2407 2408
2407 5527
2409 5993
2411 3755
2412 3840
2413 3715
2414 3734
2415 3372
2416 7006
2417 3370
2418 5338
2419 5613
2420 4033
2420 5420
2422 3645
2423 3954
2423 5411
2424 3282
2425 7446
2426 5626
2428 7552
2431 3916
2433 2674
2434 2444
2434 4337
2435 3800
2436 2528
2438 2487
2438 3929
2439 2469
2440 3942
2441 2631
2442 2910
2442 6267
2443 4962
2444 2451
2445 5135
2446 3876
2447 5671
2448 4356
2449 5686
2452 5135
2453 2551
2455 2801
2456 2915
2457 5191
2458 5982
2459 3705
2460 2944
2461 4839
2462 2805
2463 2541
2463 4567
2464 5176
2465 4558
2465 5433
2465 5470
2466 2698
2467 2685
2468 3411
2468 3596
2468 6762
2471 4968
2472 4550
2473 2621
2473 2703
2474 3593
2475 5407
2476 2569
2477 3615
2478 3245
2478 5975
2480 2534
2481 5131
2482 7470
2483 4970
2484 2506
2484 4274
2485 4249
2486 2500
2488 2515
2489 4407
2490 3582
2491 4112
2491 6148
2494 3647
2495 3376
2495 5583
2496 4091
2497 2553
2497 3209
2498 2502
2498 5475
2498 5924
2499 4425
2500 3403
2501 2545
2502 4028
2502 5653
2503 2528
2504 2506
2505 2918
2506 2804
2506 3936
2508 4518
2509 2540
2512 3380
2512 5111
2513 3572
2514 2690
2516 5154
2517 5929
2519 2541
2520 2977
2521 3272
2522 2549
2522 2787
2523 4311
2524 7408
2525 2829
2525 5898
2527 7271
2528 2544
2528 2599
2529 5660
2530 2533
2530 2540
2531 2898
2531 6018
2532 3157
2535 3626
2536 3833
2537 3041
2538 4658
2542 4972
2542 5713
2545 3885
2547 3377
2548 2635
2550 4025
2551 5261
2552 5499
2554 6261
2557 5967
2559 2590
2559 3822
2559 5064
2561 2690
2562 4022
2563 2626
2563 6410
2564 2582
2564 3841
2564 5841
2566 2618
2567 2623
2567 3307
2568 3879
2570 2683
2570 5977
2571 2595
2571 6281
2572 5672
2573 4889
2575 4216
2576 2585
2577 2603
2578 4865
2578 5186
2579 7446
2580 2616
2580 2636
2580 5277
2580 6211
2582 2688
2583 2924
2584 2599
2585 2951
2586 2641
2587 5346
2592 2658
2593 2621
2595 2598
2595 2671
2595 2674
2596 2642
2597 5197
2599 2613
2599 2624
2599 2675
2600 5671
2601 6193
2602 4115
2603 3359
2605 5111
2607 4584
2608 2640
2609 5839
2611 4569
2612 5174
2617 2663
2618 2643
2620 3586
2620 6726
2621 6202
2621 6872
2625 2662
2627 2779
2628 2648
2629 3899
2630 6650
2633 3016
2634 3751
2635 3793
2637 7542
2638 2928
2641 6228
2642 4900
2643 2652
2644 4753
2645 3037
2646 5306
2647 7519
2648 3856
2649 5184
2650 6067
2651 2653
2653 3680
2654 3275
2654 4483
2654 4692
2655 4339
2656 5517
2658 3722
2658 5910
2660 2678
2660 3835
2661 4784
2663 2936
2663 4292
2664 2756
2665 6067
2666 2692
2667 4411
2667 5582
2668 3885
2669 4813
2670 5907
2670 6143
2672 3853
2673 2680
2673 3870
2674 3587
2676 3679
2677 3537
2679 3360
2681 4697
2684 4706
2685 3271
2685 4681
2685 5187
2691 5427
2692 4862
2692 5752
2693 5509
2694 5252
2695 3614
2696 4073
2696 4708
2696 5376
2697 3563
2698 5207
2700 2886
2701 2739
2701 5673
2702 2830
2702 4409
2703 2727
2704 4425
2706 6869
2707 2738
2707 5511
2708 2809
2709 5783
2711 2774
2713 5948
2715 3860
2716 6129
2717 5021
2718 3490
2718 4614
2719 2762
2720 2817
2720 5442
2721 2790
2721 6156
2724 2832
2724 5698
2724 5819
2724 7609
2725 2832
2725 3149
2725 4471
2726 2836
2726 5044
2727 4273
2729 2770
2730 4321
2730 5656
2730 6206
2730 7335
2731 2734
2731 2773
2731 2833
2731 3688
2732 4848
2732 6093
2733 4199
2734 2749
2734 5123
2734 5838
2735 4242
2736 2857
2738 2850
2738 4489
2738 5759
2740 4195
2740 7049
2741 2848
2741 5596
2742 2758
2742 4856
2743 5603
2744 5731
2745 2763
2748 2838
2749 4981
2750 2856
2750 4991
2750 5268
2751 2776
2752 4037
2752 6188
2753 2864
2754 2811
2755 4115
2755 4272
2757 2861
2758 5963
2759 2803
2759 3185
2760 2950
2760 3131
2760 5795
2761 2849
2761 3161
2761 4477
2762 5282
2763 3263
2764 2765
2765 2838
2765 5084
2766 3503
2766 6984
2766 7210
2767 2787
2767 2855
2768 4011
2769 3640
2769 5181
2770 4198
2771 5779
2771 6437
2772 6789
2774 4554
2775 3244
2775 5797
2776 5203
2776 5431
2776 7278
2777 3371
2777 4840
2777 6154
2778 4223
2780 3081
2780 3358
2781 5428
2782 2827
2782 2873
2782 5760
2782 5789
2783 4600
2784 2837
2785 2825
2786 4601
2789 5079
2789 5149
2789 7355
2791 4781
2791 5605
2791 7204
2792 5921
2793 4013
2793 4248
2793 5205
2793 5302
2794 3638
2795 3652
2797 3032
2798 2836
2799 2839
2800 3579
2801 3608
2802 2864
2802 6291
2802 7394
2804 6239
2805 2857
2805 3051
2806 2820
2808 5274
2809 4129
2810 3448
2810 4201
2812 5890
2813 3189
2813 3799
2813 6005
2814 3015
2815 3014
2815 6269
2816 3031
2818 6023
2822 6714
2823 4484
2824 4793
2824 5793
2826 2842
2827 2828
2827 6029
2830 2903
2830 4415
2832 5338
2832 6113
2833 4051
2834 5587
2835 4385
2836 5046
2838 2846
2840 2857
2841 5296
2842 3611
2842 4388
2843 3270
2844 4693
2844 4908
2844 5767
2844 5999
2847 7580
2849 5222
2851 5218
2852 4093
2854 5853
2856 6249
2858 3668
2858 5207
2859 3033
2860 4151
2863 6201
2865 3128
2865 4502
2865 5164
2865 5648
2868 2893
2868 5417
2869 2920
2870 2883
2871 2919
2872 5410
2873 3277
2873 4814
2875 6090
2880 2916
2880 3148
2880 3302
2881 2930
2884 3606
2885 3315
2886 4428
2886 4685
2887 5073
2888 3597
2888 6230
2890 5579
2891 4043
2892 4427
2894 3545
2895 3281
2896 5488
2897 2916
2899 3108
2900 6023
2901 3541
2902 4670
2903 3796
2903 5632
2904 2952
2904 3546
2906 5354
2907 6245
2909 3578
2909 5219
2911 5111
2913 3077
2914 3899
2915 2938
2917 3336
2917 3853
2918 3622
2921 7576
2922 5824
2923 3457
2923 6141
2924 3565
2924 4820
2926 4260
2927 5142
2928 3559
2929 4785
2930 3825
2931 3727
2932 3863
2933 3567
2934 3540
2934 4122
2935 5127
2935 5496
2937 4047
2938 2939
2938 4631
2939 5589
2941 3941
2943 4602
2943 5070
2943 5836
2945 3617
2945 3807
2946 2956
2946 5519
2947 4548
2947 6140
2949 2962
2953 3370
2954 3550
2955 4099
2956 2975
2958 3902
2959 4702
2960 3847
2960 5221
2961 4545
2962 4704
2962 5253
2963 3742
2965 3616
2966 2973
2967 3917
2968 6271
2969 4462
2970 3451
2971 5893
2972 2992
2981 3837
2982 3823
2983 3827
2984 2987
2984 3912
2986 4711
2987 3536
2994 5103
2995 7462
2996 3175
2996 5301
2997 3116
2998 3097
3000 3169
3001 4120
3002 4485
3002 4577
3003 3029
3004 4401
3005 3068
3005 5014
3005 5228
3005 6187
3006 3129
3006 3192
3007 4104
3007 4931
3008 4048
3009 3171
3010 6991
3011 5034
3012 4023
3012 5294
3013 4084
3013 5493
3014 6241
3015 6370
3016 3957
3019 3103
3019 4089
3020 4095
3020 6134
3022 3071
3022 3189
3023 3125
3023 3788
3024 4113
3025 3166
3025 3375
3026 4046
3027 4623
3027 6317
3028 3732
3029 3862
3030 3107
3030 4111
3031 3120
3033 3187
3033 4100
3033 5828
3034 3513
3035 6938
3036 3589
3037 3110
3038 7051
3040 3138
3041 3179
3042 4878
3043 3105
3044 4054
3045 3934
3046 3066
3046 3684
3047 7505
3048 3171
3049 3124
3050 5406
3051 3123
3051 5539
3052 4737
3054 5098
3054 6665
3055 3181
3056 4079
3057 4743
3059 3197
3060 3830
3061 3091
3061 3143
3062 4067
3063 4796
3064 3160
3064 6086
3065 3650
3065 6054
3067 4030
3069 4435
3070 5209
3071 3121
3072 4564
3072 4695
3073 5585
3074 5085
3076 3127
3077 7041
3078 3098
3078 3171
3078 6928
3079 3158
3079 4241
3080 6033
3082 3208
3083 6060
3084 4564
3085 5194
3086 5938
3088 6079
3089 3757
3089 4395
3089 4892
3090 4699
3090 5398
3090 5547
3090 5645
3092 5883
3093 7515
3094 3201
3095 5270
3096 4105
3099 3121
3100 4399
3101 4039
3102 3205
3102 6965
3104 5995
3106 5728
3109 4038
3109 5875
3110 4341
3111 4074
3111 6753
3112 5023
3112 7196
3113 3165
3114 3200
3115 3173
3115 4540
3116 5955
3117 5232
3117 6099
3118 3736
3118 4586
3119 4804
3120 6057
3121 4766
3121 5351
3121 7400
3128 5230
3130 3581
3131 4829
3132 4909
3133 6584
3134 6662
3135 6146
3136 6545
3136 6660
3137 5693
3139 3790
3140 5458
3141 3614
3142 5735
3144 6235
3145 4147
3145 4854
3146 4520
3147 4063
3147 4299
3148 5350
3150 3160
3151 4570
3151 4617
3151 6016
3152 5424
3152 5828
3153 5978
3153 6091
3155 5286
3156 4103
3156 4798
3157 3767
3158 4101
3158 5859
3159 3702
3162 6031
3165 4021
3165 5353
3167 3194
3167 4044
3168 4040
3170 4669
3170 5532
3173 4475
3173 4543
3173 4786
3174 4118
3174 6326
3176 4541
3177 4957
3178 3363
3180 5024
3183 4583
3183 5588
3184 3204
3184 4491
3184 6014
3184 6109
3185 4119
3186 4087
3188 6196
3191 4978
3192 5216
3195 5042
3196 5191
3197 3701
3197 5265
3198 3683
3201 4055
3202 4995
3203 3224
3205 3584
3206 3233
3206 5096
3208 3221
3210 3217
3211 5938
3212 3246
3213 3229
3213 4263
3214 3231
3216 5528
3218 3237
3218 6122
3219 3245
3220 3239
3222 3247
3223 3363
3225 4098
3227 6352
3228 5614
3230 6158
3232 5026
3232 5788
3232 6056
3235 3252
3236 3246
3243 4995
3246 3625
3247 4587
3248 4369
3249 6257
3250 4499
3251 6050
3253 4893
3255 4380
3256 5962
3257 7465
3258 3760
3258 5592
3259 6836
3261 3969
3262 3270
3262 4727
3264 5062
3265 3685
3265 5738
3266 4516
3266 4680
3267 3293
3267 6656
3268 5331
3270 4560
3270 5707
3270 7425
3273 6232
3274 3305
3274 3708
3276 6143
3278 4804
3279 3354
3280 3773
3283 5322
3284 3674
3285 3302
3285 4493
3288 3676
3290 4204
3292 4378
3294 3295
3295 4385
3296 4359
3298 5108
3298 6577
3300 3661
3302 6274
3303 3724
3304 3763
3306 5193
3308 3320
3310 5643
3312 3951
3316 4271
3317 3327
3319 5481
3320 5113
3321 3331
3321 3893
3324 5023
3325 5915
3328 6125
3329 4798
3330 5915
3333 6252
3334 5006
3334 6068
3334 6127
3335 4849
3336 4519
3338 3396
3338 4498
3340 4566
3340 5884
3342 4061
3342 5379
3344 3854
3345 4515
3346 5989
3347 6231
3348 5801
3349 5886
3350 4189
3350 4416
3350 6020
3351 3419
3353 5810
3354 6240
3355 3573
3356 3386
3356 4651
3356 5275
3361 5409
3361 7380
3362 5107
3364 5666
3367 4156
3368 4628
3369 5292
3369 6890
3372 7523
3373 4518
3373 4705
3374 3711
3378 3398
3378 4113
3380 5882
3383 3413
3383 4104
3384 4199
3386 4852
3388 3400
3388 4990
3390 3418
3392 3401
3392 3412
3392 5146
3392 5479
3392 5932
3392 5934
3394 4547
3395 3409
3397 4082
3402 3420
3402 4505
3404 3541
3404 4446
3405 3413
3405 4535
3406 6937
3406 7313
3408 5356
3410 5686
3413 3421
3413 4530
3413 5510
3414 4459
3415 4316
3415 5069
3416 3420
3417 5710
3419 4423
3420 4456
3423 6237
3424 3703
3425 3729
3426 4873
3428 3876
3428 4288
3429 3755
3430 4831
3430 4954
3431 4165
3432 3631
3433 3591
3434 6048
3436 7048
3438 6880
3441 5618
3441 7470
3442 6214
3444 4364
3445 5460
3446 5502
3446 6841
3447 4470
3450 5842
3452 3483
3452 3512
3453 4923
3458 3463
3460 5164
3461 3846
3461 5033
3464 4720
3468 3504
3469 3620
3469 4205
3470 4578
3472 4756
3477 5293
3478 6022
3479 4190
3481 3491
3481 5258
3482 4930
3484 4203
3486 4719
3486 6024
3489 3831
3490 6017
3493 4618
3493 5837
3494 5090
3498 3515
3498 4377
3499 4955
3500 4800
3503 5746
3505 4155
3505 5319
3506 6102
3509 5056
3514 3570
3516 5742
3520 4417
3521 4931
3522 4115
3522 5321
3523 4496
3524 4081
3526 4431
3526 4453
3527 6047
3529 5687
3531 4303
3531 5830
3531 7509
3532 5701
3533 4513
3534 4250
3535 5721
3535 6760
3539 5186
3539 5386
3539 5912
3539 7195
3540 3951
3542 4086
3543 5077
3545 3623
3545 4448
3546 3663
3547 3860
3548 4517
3550 5897
3551 4964
3552 5189
3553 5670
3554 5849
3555 4921
3555 5620
3556 5008
3556 5806
3557 3832
3558 4561
3559 6383
3560 6118
3560 6280
3564 4182
3565 4057
3565 4221
3565 7427
3566 4578
3566 5339
3568 4799
3569 5144
3572 4801
3575 4507
3575 4580
3576 5953
3579 6114
3583 3926
3585 5676
3588 6191
3591 4796
3594 4433
3595 6259
3598 4190
3598 5071
3599 5059
3600 7511
3601 4179
3602 5829
3604 7302
3607 4912
3607 6275
3608 3611
3610 5846
3612 5416
3613 5271
3613 7021
3613 7565
3616 5547
3618 3739
3619 4449
3621 5854
3627 4344
3627 4929
3628 7159
3629 7504
3630 6081
3635 5990
3636 3637
3639 3692
3639 4689
3642 5141
3642 5458
3643 3694
3643 4338
3645 3673
3646 3706
3647 6924
3647 7216
3648 4392
3654 5050
3655 3694
3656 3666
3656 3718
3657 4958
3658 3672
3659 4621
3662 5080
3662 5874
3663 3745
3664 3713
3664 4238
3665 3830
3665 4020
3665 6234
3666 3758
3666 5241
3667 6725
3669 4081
3669 4637
3669 5009
3670 3765
3671 6750
3672 4801
3675 4482
3675 5594
3676 6259
3676 6841
3677 4371
3678 3769
3679 4756
3680 5147
3681 5304
3682 4635
3683 5300
3684 3711
3689 7275
3690 3725
3691 3780
3691 5650
3693 3764
3693 5557
3693 5681
3693 5812
3695 3762
3695 5089
3696 3731
3697 4056
3698 3770
3699 4442
3700 5421
3704 3766
3707 5781
3708 4384
3709 4360
3710 3712
3711 4775
3711 5491
3711 6559
3711 7450
3714 5742
3716 4577
3719 5505
3720 4770
3720 5969
3723 4116
3724 4305
3726 3752
3726 3911
3726 4529
3726 5128
3726 5422
3726 5772
3726 7222
3726 7256
3728 3782
3730 4716
3735 3777
3735 4696
3736 3761
3737 3753
3737 4971
3737 6314
3738 7524
3740 4175
3741 5998
3742 5360
3743 4966
3746 5815
3747 3784
3748 3779
3748 4887
3748 6105
3749 4237
3749 4909
3753 4227
3754 5938
3759 7351
3761 7028
3768 3772
3770 3786
3771 5092
3772 4025
3772 5821
3775 6077
3776 3787
3776 3825
3776 6097
3778 4436
3780 4251
3780 7200
3781 5250
3781 5473
3783 6953
3785 5803
3789 6082
3790 5658
3790 7334
3791 4348
3791 5482
3791 5663
3792 3814
3792 4761
3794 4760
3795 7573
3796 4741
3797 4379
3797 4457
3797 4508
3797 4730
3798 4319
3798 6108
3799 7539
3800 4982
3800 7368
3801 3885
3803 5696
3804 6200
3805 5191
3806 5093
3806 5191
3808 4975
3809 5067
3810 3845
3811 3824
3811 4783
3812 3843
3815 5357
3817 3909
3817 7484
3819 3893
3820 5048
3821 4262
3821 5345
3821 7495
3823 6248
3826 5342
3827 5249
3828 4661
3829 5876
3829 6195
3830 4176
3830 4822
3831 4094
3831 4866
3831 6533
3832 3894
3832 5689
3833 5305
3836 6540
3836 7354
3836 7421
3837 5637
3838 5361
3838 6185
3839 3871
3839 4933
3840 4474
3841 4523
3841 6203
3843 5213
3848 4556
3848 5790
3848 6019
3849 5227
3851 4795
3851 5031
3851 7578
3852 3934
3853 6226
3853 6728
3855 4967
3855 5461
3858 7267
3861 5212
3862 3919
3865 5871
3866 4421
3866 5326
3866 6720
3867 4815
3867 5172
3867 6769
3874 6056
3875 5418
3878 4746
3879 3899
3879 5208
3879 6531
3879 7163
3880 4488
3881 3903
3881 5040
3881 6051
3881 6194
3884 4574
3884 5439
3885 4297
3885 4888
3885 4941
3886 4036
3892 5823
3893 4476
3893 4724
3894 5441
3902 5659
3904 4396
3906 5624
3907 4289
3907 5349
3912 3920
3912 4228
3912 4794
3913 4361
3913 5732
3914 4358
3917 4391
3917 5566
3920 7579
3924 5191
3928 4527
3929 5106
3931 4844
3933 5719
3934 4769
3935 4239
3938 4596
3939 4551
3940 6152
3943 4782
3944 5674
3945 4166
3947 5067
3948 6047
3949 4587
3952 6152
3953 4629
3960 6278
3961 4058
3963 5562
3965 5136
3966 5559
3969 6081
3972 5036
3975 6183
3978 4926
3986 7471
3997 5462
4000 5802
4003 4501
4003 5055
4004 6256
4005 7125
4007 4146
4008 4015
4009 4640
4010 6528
4012 4264
4013 6592
4014 6530
4016 6181
4017 4505
4018 6395
4019 7283
4019 7497
4022 5060
4022 6785
4024 5237
4025 4664
4026 4596
4027 4091
4028 5121
4029 7509
4030 5472
4030 6137
4031 4367
4034 4710
4035 4173
4038 5880
4041 4102
4042 4128
4042 5038
4042 5754
4046 4742
4047 6309
4048 4158
4049 4401
4050 5695
4050 5900
4052 5991
4053 4125
4053 4953
4055 5831
4060 4094
4061 6102
4061 6273
4062 4422
4062 5209
4063 4525
4064 4138
4065 4132
4066 4089
4068 4258
4068 4778
4069 5638
4070 4075
4070 5654
4071 4236
4072 5263
4073 4675
4076 4534
4077 4115
4078 4671
4080 4085
4082 4551
4082 5043
4083 4547
4083 5777
4084 5190
4085 4676
4087 4282
4088 5121
4090 4418
4092 4538
4093 4106
4093 6151
4096 5974
4097 4883
4103 5437
4104 4948
4105 4154
4106 4127
4106 4717
4107 5148
4108 5911
4109 5508
4109 5786
4110 5773
4112 4140
4114 6292
4117 5068
4117 7381
4120 6106
4121 4726
4123 4806
4124 4419
4124 5644
4125 4965
4126 4531
4127 4131
4132 5137
4133 5316
4134 4684
4134 4826
4135 6679
4135 7252
4137 4141
4137 4654
4137 4956
4139 5455
4140 5095
4143 4426
4144 5120
4145 5965
4148 7585
4149 5303
4153 5324
4154 4745
4157 4916
4159 4162
4161 4473
4161 7040
4162 4164
4163 4928
4165 7464
4167 6124
4171 4360
4172 7569
4173 4275
4180 4389
4181 4186
4185 4363
4187 4276
4188 6205
4191 4940
4192 4230
4193 5918
4193 5961
4197 5499
4202 4703
4202 5307
4202 7487
4205 6087
4205 7326
4209 4295
4212 4214
4213 4922
4213 5289
4213 5768
4213 6849
4213 7277
4217 5996
4220 5640
4221 5495
4222 5083
4224 6016
4225 4930
4226 5179
4226 5595
4229 5133
4231 6083
4232 5710
4234 6471
4235 5165
4240 5818
4244 4489
4245 4252
4246 5904
4247 4592
4249 5167
4254 5465
4254 6108
4256 6143
4257 6537
4261 4363
4265 4280
4266 4857
4267 7603
4269 6111
4269 6205
4272 6028
4273 6207
4279 6155
4283 6176
4284 6460
4286 4288
4287 5244
4292 4294
4293 5970
4295 5310
4296 4433
4296 5679
4298 5813
4301 6258
4302 4412
4304 4318
4306 6180
4306 7510
4307 5276
4307 5422
4307 5684
4308 4592
4308 5252
4311 4333
4311 4581
4311 5804
4311 7382
4312 4313
4313 4610
4313 5260
4314 5010
4314 6166
4315 4903
4322 5699
4324 4699
4324 5478
4327 5220
4329 5082
4330 4437
4330 5657
4331 4755
4332 6213
4333 7401
4334 4336
4334 4489
4334 4876
4334 5962
4334 7404
4335 5962
4337 4790
4340 5422
4342 5439
4343 4637
4344 5336
4345 4564
4347 5081
4347 5497
4347 5899
4349 6428
4350 5003
4351 4492
4352 4622
4354 4552
4354 7054
4357 4946
4360 4394
4360 6295
4360 6698
4360 7262
4361 5829
4362 5803
4362 7543
4363 4420
4365 4620
4365 4861
4366 4382
4369 5340
4370 6062
4371 5170
4372 5554
4373 6119
4375 5779
4380 4980
4381 4910
4383 5254
4386 5630
4393 5811
4398 4616
4398 5782
4400 5259
4403 4958
4404 4607
4404 5311
4404 5996
4405 4641
4406 4734
4408 5864
4410 5328
4411 5892
4417 5709
4418 5383
4420 7330
4420 7515
4424 5191
4429 5868
4430 7583
4432 4938
4434 5129
4434 5576
4438 5515
4439 5482
4441 5134
4443 5191
4444 5467
4444 5570
4449 5586
4450 6125
4451 6825
4454 6054
4455 5593
4461 5233
4463 5778
4465 7266
4466 4928
4467 4872
4469 5445
4472 4482
4472 7373
4473 7600
4475 5002
4477 4487
4479 4490
4480 4490
4481 4490
4482 4655
4485 4824
4487 7553
4489 7378
4490 4931
4490 7595
4491 5998
4497 4603
4497 4632
4497 4847
4499 5932
4500 5151
4503 5640
4505 4615
4506 4526
4506 7482
4510 4995
4511 4644
4519 4544
4521 5271
4522 4526
4524 5480
4526 6429
4528 5405
4528 6038
4529 4924
4529 5444
4532 6170
4533 5242
4537 5716
4543 5753
4546 5414
4552 7594
4553 4562
4553 5154
4553 6528
4554 4867
4555 5262
4557 5285
4560 7204
4561 5991
4563 6193
4566 6254
4569 6132
4569 7243
4571 4746
4573 4931
4574 4585
4574 6015
4575 4591
4575 4988
4577 6161
4579 4644
4582 6282
4585 5692
4589 4925
4590 5074
4594 7099
4595 5673
4597 5803
4598 4948
4598 5358
4600 5607
4604 5248
4608 7507
4609 4646
4612 5938
4613 4639
4615 5206
4617 5617
4619 4927
4625 4914
4626 4648
4627 5360
4628 4976
4628 5169
4630 4649
4632 5138
4633 5299
4636 4916
4638 5223
4640 4663
4645 6669
4647 5369
4647 6345
4649 5739
4650 5989
4652 6840
4653 6179
4653 7286
4655 6192
4656 5639
4662 6174
4665 5314
4666 5950
4667 5434
4668 5852
4678 6206
4686 4928
4691 5929
4698 5816
4699 5366
4700 4749
4700 6353
4706 6794
4707 6041
4709 4857
4718 6030
4719 7158
4725 5966
4728 5809
4729 5125
4729 5968
4729 6677
4729 7017
4731 5826
4732 4734
4734 7306
4736 4773
4738 5661
4740 5414
4744 4758
4746 5143
4746 6210
4749 5835
4750 5429
4750 7465
4751 4757
4751 6277
4752 5520
4758 5516
4758 5993
4759 4760
4760 5923
4764 5056
4765 4799
4769 4774
4769 5323
4771 6012
4773 4951
4773 5095
4775 7295
4782 4863
4787 7266
4788 5294
4789 5186
4791 5030
4796 5866
4796 7329
4797 5978
4798 5160
4799 7337
4801 5931
4802 6732
4805 5915
4807 6674
4808 5735
4809 7533
4810 4823
4816 6021
4818 5705
4821 6007
4827 5737
4830 7036
4835 6395
4836 5940
4837 5538
4841 6159
4842 5336
4849 6001
4850 5186
4851 5700
4853 5955
4855 6239
4858 4960
4859 5659
4860 6295
4865 7269
4868 5175
4871 4961
4877 6112
4879 4932
4880 5348
4880 5952
4881 5299
4884 5447
4884 5572
4885 5920
4893 5065
4894 4916
4896 5810
4898 5828
4898 6611
4901 6517
4905 5256
4906 5656
4909 5428
4911 6198
4913 5159
4916 5179
4916 5682
4916 6721
4916 7567
4917 5608
4917 6233
4918 5891
4927 6368
4932 4996
4934 7573
4935 5932
4937 4987
4939 6417
4942 5474
4943 7179
4947 5941
4952 6058
4958 6044
4959 7075
4960 5449
4963 7270
4969 5523
4977 5330
4978 5894
4978 6133
4980 5771
4982 5506
4983 5867
4984 5343
4985 5911
4992 6000
4993 6405
4994 5960
4996 6075
4997 5835
5005 6227
5011 6649
5015 7340
5016 5162
5018 5462
5021 6138
5022 5757
5025 7126
5026 6042
5026 6912
5027 5291
5028 7608
5030 6059
5030 6772
5035 5163
5036 7369
5037 6073
5041 5920
5045 5715
5045 7550
5047 5601
5047 5648
5049 5069
5053 5785
5054 5657
5056 5556
5056 7266
5058 7274
5060 6887
5062 5895
5063 5394
5065 5382
5067 5813
5067 6153
5067 7433
5072 7490
5076 6139
5086 5537
5087 5508
5093 5551
5094 5425
5100 6308
5102 5763
5109 6919
5111 5288
5115 5245
5116 7279
5120 6367
5121 5908
5129 7065
5130 5454
5135 5329
5139 5710
5145 5942
5146 5770
5149 5976
5150 6081
5152 6178
5152 7339
5153 5435
5154 5798
5157 5633
5166 5459
5174 5787
5178 5699
5179 6675
5179 7559
5180 5665
5181 7587
5182 5432
5182 6841
5184 5471
5188 5223
5191 5371
5191 5708
5192 6585
5196 6065
5197 5531
5200 5232
5201 5507
5202 5976
5210 7514
5211 5732
5213 5718
5214 5628
5215 5457
5217 5826
5218 5550
5220 7363
5222 6263
5223 7548
5225 6204
5226 5487
5229 6261
5234 5856
5239 5452
5239 6149
5240 5399
5242 5396
5245 5913
5247 6261
5257 5755
5259 5977
5260 5901
5264 5866
5267 6796
5271 5664
5271 7255
5272 6385
5275 7399
5281 5655
5283 6004
5283 6037
5287 7275
5291 5675
5291 6403
5294 6532
5295 5995
5308 6012
5309 5327
5313 6678
5314 6751
5317 5567
5318 5450
5320 5630
5324 5864
5327 5597
5334 5764
5344 5364
5347 5999
5352 7599
5355 5509
5359 6206
5368 5663
5373 6937
5374 5839
5375 5668
5376 5438
5380 5926
5384 5464
5385 6014
5387 6042
5388 7493
5389 5849
5390 5807
5391 6057
5395 5547
5397 5779
5402 5979
5404 5947
5412 6092
5415 5750
5417 5574
5426 7478
5428 7428
5430 5448
5438 7000
5445 5736
5445 5857
5446 6406
5451 7600
5462 5668
5462 5959
5464 5678
5466 6055
5469 5793
5477 6346
5482 5571
5483 5498
5485 5694
5498 5928
5503 6519
5504 5513
5521 5555
5526 6813
5529 7035
5536 6247
5537 5922
5544 6066
5547 7589
5548 5573
5552 6880
5553 6080
5563 5950
5565 7275
5572 5598
5575 6181
5578 5600
5578 5743
5580 5647
5581 6936
5587 6727
5590 5608
5602 6395
5613 5739
5615 7282
5619 6050
5623 6131
5627 7275
5628 5714
5631 5647
5636 6870
5647 5665
5647 5974
5649 5702
5662 6175
5667 5865
5667 6061
5669 6013
5671 6101
5677 6345
5680 5902
5685 6221
5690 5872
5694 6094
5703 6150
5704 6611
5706 5881
5707 7522
5712 7224
5717 6364
5724 6089
5726 6603
5741 6160
5743 7245
5744 6084
5744 7211
5744 7572
5745 7129
5748 6624
5751 5964
5761 6172
5763 6877
5766 6750
5774 6037
5775 5935
5776 6371
5792 7600
5793 6069
5796 6452
5799 6188
5803 5992
5805 5986
5808 6081
5815 6056
5816 5842
5816 5981
5816 7602
5818 6616
5820 6867
5826 6201
5832 6056
5837 7343
5838 6110
5840 6144
5847 7357
5848 5877
5851 5894
5854 6255
5860 5927
5861 7204
5870 5872
5887 5946
5889 6427
5896 6625
5910 6176
5922 6117
5925 6177
5925 6199
5930 6164
5937 6007
5948 6007
5951 7499
5981 6537
5983 6052
5985 6181
5985 7235
5987 7042
6003 6180
6009 7422
6010 6071
6023 6253
6026 6057
6035 6123
6051 6279
6056 7564
6057 6576
6060 6070
6065 6280
6066 6078
6068 6121
6068 7290
6070 6220
6074 6526
6081 6294
6088 6218
6093 7426
6096 6501
6107 6446
6108 6268
6111 7280
6124 7605
6145 6259
6145 7225
6162 6777
6169 6194
6188 7293
6197 6266
6208 7330
6209 7260
6223 6481
6228 7479
6244 7425
6246 7206
6247 6972
6258 7492
6259 7575
6283 6284
6285 6629
6285 6767
6286 6630
6286 6768
6287 6288
6287 6289
6287 6290
6288 6290
6295 6939
6295 7143
6296 6636
6297 6637
6298 6299
6300 6301
6302 6303
6302 6327
6305 6306
6305 6307
6310 6311
6310 6312
6310 6313
6311 6312
6311 6313
6314 7341
6315 6316
6318 7048
6319 6320
6319 6321
6319 6322
6320 6321
6320 6322
6323 6324
6323 7353
6323 7448
6324 6325
6328 7528
6329 7415
6330 6456
6330 6657
6331 6332
6333 6334
6335 6384
6337 6338
6337 7607
6339 6340
6339 6341
6339 7325
6340 6341
6342 6343
6342 6344
6345 7257
6346 6347
6348 6871
6349 6460
6349 6801
6349 7134
6350 7412
6351 6352
6354 6870
6355 6667
6357 6358
6359 7246
6360 6361
6360 6362
6363 7128
6365 7008
6366 7303
6368 6369
6370 7327
6372 6373
6374 6375
6376 6377
6378 6379
6380 6381
6380 6382
6384 6591
6386 7510
6388 6654
6388 7424
6388 7472
6390 6393
6391 6392
6394 6395
6394 6518
6394 7159
6395 7098
6396 6397
6396 7249
6398 7085
6399 6400
6401 6402
6405 6459
6405 6749
6407 6408
6409 6648
6412 7195
6413 6414
6415 7276
6415 7576
6416 6417
6417 6418
6419 6420
6419 6421
6423 6446
6424 6425
6426 6427
6428 7463
6429 6431
6429 7443
6430 6431
6432 6433
6434 6435
6436 7417
6436 7430
6436 7508
6438 6439
6439 7294
6440 6441
6442 6763
6443 6444
6444 6445
6446 6447
6446 7537
6448 6449
6450 6880
6451 6455
6451 6987
6452 6453
6454 6892
6457 6458
6461 7379
6461 7396
6462 6463
6463 7585
6464 6676
6466 7425
6467 6468
6469 6470
6469 7310
6472 6682
6472 7322
6473 6474
6473 6475
6473 6476
6473 6477
6473 6478
6474 6475
6474 6476
6474 6477
6479 6480
6481 6848
6482 7331
6483 6636
6483 7043
6484 6637
6484 7044
6485 7528
6486 6487
6488 6657
6489 6490
6491 7486
6492 6493
6494 6495
6496 6881
6498 6591
6499 6989
6500 6990
6501 6502
6503 7329
6504 6505
6506 6507
6506 6508
6507 6508
6509 6803
6509 6878
6511 6512
6511 6515
6512 6513
6513 6514
6513 6516
6518 7144
6519 6520
6519 6521
6519 7459
6520 6521
6522 6523
6524 6525
6527 6735
6529 6530
6534 7304
6535 6536
6537 7454
6538 6539
6541 6542
6543 6579
6544 7425
6546 6551
6547 6548
6547 6549
6547 6550
6548 6549
6548 6550
6552 6553
6552 6554
6552 6555
6553 6554
6553 6555
6556 6557
6556 6828
6560 6561
6560 6562
6560 6563
6560 6564
6560 6565
6560 6566
6560 6567
6560 6568
6560 6569
6560 6570
6560 6571
6560 6572
6561 6562
6561 6563
6561 6564
6561 6565
6561 6566
6561 6567
6561 6568
6561 6569
6561 6570
6561 6571
6561 6572
6573 6574
6575 7404
6577 6578
6580 6917
6580 7259
6581 6918
6582 7467
6583 7376
6585 7276
6585 7442
6586 6587
6586 7439
6588 6589
6589 6590
6593 6594
6595 7425
6596 6597
6596 6598
6596 7317
6597 6598
6599 6600
6600 6601
6600 6602
6601 6602
6603 6606
6603 7529
6604 6605
6607 6608
6607 6609
6610 7293
6612 6613
6613 6614
6613 6615
6614 6615
6618 6619
6618 6621
6618 6623
6620 7031
6622 7305
6622 7319
6622 7434
6622 7473
6624 6836
6624 7199
6625 6626
6625 7356
6627 6628
6628 7423
6631 6632
6631 6633
6631 6634
6632 6633
6638 6639
6639 6640
6639 6641
6640 6641
6642 6643
6644 6645
6644 7413
6646 6647
6648 7315
6651 6652
6653 7375
6655 6656
6656 7393
6658 6659
6658 7418
6661 6666
6663 6664
6666 7285
6668 6845
6670 6803
6671 7591
6672 6673
6676 6987
6678 7133
6680 6681
6680 7411
6683 7469
6684 6685
6684 6686
6684 6687
6684 6688
6684 6689
6684 6690
6684 6691
6684 6692
6684 6693
6684 6694
6684 6695
6684 6696
6685 6686
6685 6687
6685 6688
6685 6689
6685 6690
6685 6691
6685 6692
6685 6693
6685 6694
6685 6695
6685 6696
6697 7243
6699 6700
6699 6701
6699 6702
6699 6703
6699 6704
6699 6705
6699 6706
6699 6707
6699 6708
6699 6709
6699 6710
6699 6711
6700 6701
6700 6702
6700 6703
6700 6704
6700 6705
6700 6706
6700 6707
6700 6708
6700 6709
6700 6710
6700 6711
6712 6713
6712 6714
6712 6715
6713 6715
6717 6718
6719 6869
6722 6723
6723 6724
6729 7200
6730 6731
6734 7544
6736 6737
6738 6739
6740 6741
6742 6743
6744 7512
6745 6746
6747 6748
6750 7138
6751 6752
6755 6756
6757 6758
6757 6759
6757 7507
6758 6759
6760 6761
6760 7538
6763 6824
6764 6765
6764 6766
6770 6771
6772 7045
6772 7213
6774 6775
6776 7020
6778 6781
6778 6782
6778 7513
6779 6780
6781 6782
6783 6784
6786 6787
6786 6788
6789 6793
6790 6791
6791 6792
6795 6829
6795 6954
6796 6797
6796 6798
6797 6798
6799 6800
6802 7412
6804 7406
6805 7547
6806 7498
6807 6808
6807 7519
6810 6811
6812 7130
6812 7345
6812 7347
6814 6815
6816 6817
6817 6818
6817 6819
6818 6819
6820 6821
6822 7141
6823 7142
6825 6838
6826 6827
6830 6831
6830 6832
6830 6833
6834 6835
6837 7127
6837 7264
6842 6843
6844 7162
6844 7239
6845 7415
6845 7466
6846 6847
6850 6851
6851 6852
6853 6854
6855 6856
6857 6861
6857 6866
6858 6865
6859 6864
6860 6863
6860 6864
6861 6866
6862 6863
6869 6935
6869 7387
6870 7127
6870 7371
6873 6874
6875 7143
6876 6877
6879 7297
6881 6883
6882 7593
6884 6885
6886 7020
6887 7001
6888 6889
6890 6891
6892 6893
6892 6894
6892 7520
6894 6895
6896 6897
6898 6899
6900 6901
6901 6902
6901 6903
6903 6904
6905 7460
6906 6907
6906 6908
6909 6910
6911 7127
6913 6914
6914 7301
6915 6916
6917 7374
6919 6925
6919 7420
6920 6921
6920 6922
6926 6927
6929 7425
6930 7276
6931 7333
6932 6933
6932 6934
6933 6934
6938 7299
6940 6996
6940 7146
6941 6942
6942 7574
6943 6944
6945 6946
6945 6947
6948 6949
6948 6950
6949 6951
6955 6956
6957 6962
6958 6987
6959 6960
6962 7549
6963 6964
6966 7372
6967 6968
6967 6969
6970 6971
6974 6975
6974 6976
6975 6976
6977 6978
6977 6979
6977 6980
6977 7258
6978 6979
6981 6982
6984 7397
6985 7140
6986 7600
6988 7268
6991 7470
6992 6993
6994 6995
6997 6998
6999 7601
7002 7004
7003 7005
7009 7395
7010 7011
7012 7013
7014 7015
7016 7352
7018 7019
7020 7162
7022 7240
7023 7241
7023 7494
7024 7025
7025 7026
7025 7027
7026 7027
7029 7030
7029 7032
7029 7034
7031 7091
7033 7434
7036 7038
7037 7039
7046 7486
7047 7048
7050 7051
7052 7053
7055 7056
7055 7057
7057 7058
7059 7060
7061 7062
7063 7064
7063 7254
7064 7065
7066 7071
7067 7068
7069 7070
7069 7072
7070 7072
7073 7074
7075 7076
7075 7077
7076 7077
7078 7081
7078 7083
7079 7080
7079 7082
7079 7084
7079 7506
7080 7082
7080 7084
7086 7346
7087 7088
7089 7090
7089 7092
7089 7094
7093 7434
7095 7096
7095 7388
7097 7547
7100 7101
7101 7298
7102 7103
7102 7104
7102 7105
7102 7106
7102 7107
7102 7108
7102 7109
7102 7110
7102 7111
7102 7112
7102 7113
7102 7114
7103 7104
7103 7105
7103 7106
7103 7107
7103 7108
7103 7109
7103 7110
7103 7111
7103 7112
7103 7113
7103 7114
7116 7392
7117 7118
7117 7119
7119 7260
7120 7121
7120 7123
7121 7122
7121 7124
7122 7124
7131 7132
7132 7300
7135 7452
7136 7137
7147 7150
7147 7152
7148 7149
7148 7151
7148 7153
7148 7456
7149 7151
7149 7153
7150 7152
7154 7155
7156 7157
7159 7328
7160 7161
7164 7165
7164 7166
7167 7168
7167 7169
7170 7171
7170 7172
7170 7173
7171 7172
7174 7175
7177 7178
7180 7181
7180 7182
7180 7183
7180 7184
7180 7185
7180 7186
7180 7187
7180 7188
7180 7189
7180 7190
7180 7191
7180 7192
7181 7182
7181 7183
7181 7184
7181 7185
7181 7186
7181 7187
7181 7188
7181 7189
7181 7190
7181 7191
7181 7192
7194 7464
7194 7521
7198 7549
7201 7202
7201 7203
7202 7203
7205 7466
7207 7208
7208 7435
7208 7485
7209 7210
7212 7425
7214 7215
7217 7218
7217 7219
7217 7220
7218 7219
7218 7220
7221 7376
7226 7227
7228 7229
7228 7230
7228 7231
7229 7230
7229 7231
7232 7266
7233 7234
7237 7238
7241 7291
7241 7503
7242 7584
7244 7350
7247 7331
7248 7372
7250 7584
7251 7455
7254 7555
7261 7424
7265 7338
7268 7526
7272 7577
7273 7545
7273 7604
7274 7407
7275 7370
7275 7375
7276 7476
7281 7602
7284 7387
7284 7501
7287 7374
7287 7475
7289 7410
7292 7474
7296 7566
7303 7444
7303 7447
7308 7524
7309 7584
7311 7419
7312 7552
7320 7586
7323 7449
7324 7367
7332 7384
7336 7421
7342 7457
7348 7405
7348 7562
7352 7466
7357 7383
7358 7547
7362 7530
7364 7491
7365 7546
7366 7588
7366 7592
7372 7520
7372 7540
7377 7461
7377 7563
7383 7551
7385 7584
7386 7410
7386 7525
7389 7425
7390 7418
7396 7412
7403 7558
7409 7418
7414 7582
7420 7536
7432 7581
7436 7606
7438 7558
7440 7557
7445 7590
7453 7531
7477 7602
7481 7595
7486 7517
7500 7502
7516 7598
7528 7549
7528 7568
7544 7583
7547 7596
7556 7560
