2
4
19
31
37
40
56
60
67
77
81
84
87
90
91
95
98
110
118
120
125
127
139
142
151
155
160
164
165
169
172
173
175
184
190
197
206
207
212
213
219
224
225
226
228
240
264
269
272
279
283
291
292
293
294
297
310
311
313
316
321
329
330
341
343
345
349
351
353
361
370
376
384
385
386
398
402
410
411
424
426
427
429
432
437
438
444
453
457
470
474
478
513
520
531
532
540
549
550
555
565
572
574
586
599
604
606
608
611
614
620
622
625
633
635
642
645
647
649
655
658
662
674
687
695
700
701
703
706
708
725
741
752
759
762
767
782
784
806
808
812
817
818
828
829
830
845
870
885
908
917
921
925
926
936
937
939
941
942
944
954
960
964
979
992
996
1000
1008
1010
1014
1020
1029
1030
1041
1042
1046
1053
1054
1055
1056
1064
1070
1082
1087
1089
1090
1099
1100
1118
1130
1131
1135
1153
1157
1160
1170
1182
1195
1196
1198
1200
1205
1222
1226
1230
1231
1235
1238
1249
1250
1258
1260
1268
1274
1276
1281
1289
1291
1296
1303
1309
1311
1317
1318
1320
1333
1340
1359
1368
1374
1378
1381
1396
1400
1403
1438
1439
1442
1444
1445
1447
1448
1449
1450
1453
1455
1456
1457
1465
1470
1473
1484
1501
1508
1510
1523
1524
1537
1539
1551
1554
1559
1562
1563
1566
1586
1591
1592
1595
1615
1617
1620
1622
1626
1635
1639
1654
1661
1692
1703
1705
1713
1718
1726
1731
1733
1740
1745
1748
1751
1753
1754
1755
1771
1774
1781
1783
1785
1792
1794
1795
1806
1808
1809
1810
1819
1824
1836
1837
1840
1845
1860
1865
1872
1879
1884
1885
1892
1894
1902
1914
1917
1923
1926
1927
1930
1931
1932
1936
1944
1945
1947
1949
1950
1955
1957
1961
1965
1966
1981
1983
1997
2004
2009
2020
2022
2023
2028
2036
2038
2044
2056
2062
2064
2071
2075
2088
2093
2098
2103
2105
2106
2108
2110
2120
2129
2134
2135
2140
2144
2147
2154
2159
2162
2175
2185
2187
2194
2195
2197
2204
2208
2213
2214
2216
2219
2225
2245
2253
2262
2263
2264
2293
2294
2298
2310
2312
2315
2316
2317
2323
2331
2334
2343
2345
2353
2354
2365
2366
2392
2400
2404
2411
2413
2414
2422
2423
2426
2428
2429
2432
2438
2449
2450
2458
2463
2464
2475
2480
2490
2491
2500
2515
2519
2521
2522
2549
2550
2555
2557
2558
2565
2579
2582
2592
2597
2611
2627
2630
2633
2638
2643
2655
2657
2658
2659
2673
2674
2679
2680
2684
2686
2691
2696
2700
2705
2708
2717
2718
2724
2735
2738
2739
2741
2744
2748
2749
2753
2759
2761
2763
2777
2779
2780
2790
2795
2798
2799
2811
2815
2822
2829
2839
2841
2843
2847
2849
2856
2857
2863
2865
2873
2884
2894
2898
2914
2917
2924
2925
2927
2935
2940
2951
2954
2956
2958
2977
2980
2981
2996
3002
3004
3007
3010
3015
3020
3022
3038
3044
3045
3048
3050
3057
3060
3067
3072
3080
3082
3095
3099
3100
3103
3104
3109
3110
3117
3124
3132
3135
3143
3146
3151
3153
3169
3171
3176
3183
3189
3195
3203
3214
3218
3222
3226
3229
3231
3238
3248
3252
3258
3262
3269
3279
3297
3298
3303
3305
3307
3312
3317
3321
3323
3331
3332
3343
3345
3351
3352
3356
3358
3359
3362
3370
3371
3390
3400
3402
3407
3408
3412
3416
3417
3425
3428
3431
3436
3440
3441
3453
3456
3461
3462
3468
3511
3529
3534
3543
3556
3560
3561
3580
3590
3592
3602
3603
3607
3617
3623
3629
3631
3643
3653
3656
3660
3667
3673
3689
3691
3696
3698
3702
3703
3704
3706
3710
3713
3716
3717
3722
3724
3726
3734
3736
3737
3742
3752
3762
3779
3782
3783
3795
3796
3801
3808
3809
3812
3814
3823
3826
3828
3837
3839
3843
3845
3852
3853
3855
3865
3875
3880
3894
3900
3902
3903
3910
3911
3917
3922
3930
3932
3935
3940
3941
3945
3949
3954
3964
3966
3969
3971
3977
3990
3999
4002
4005
4007
4010
4012
4014
4015
4016
4019
4021
4023
4025
4035
4040
4062
4065
4066
4068
4074
4077
4085
4089
4098
4106
4110
4111
4129
4136
4137
4144
4145
4153
4163
4168
4171
4174
4180
4188
4196
4198
4200
4201
4210
4216
4221
4222
4227
4228
4244
4246
4249
4252
4258
4261
4263
4271
4272
4274
4278
4282
4288
4296
4300
4307
4310
4315
4316
4329
4330
4342
4345
4348
4352
4353
4359
4371
4375
4382
4385
4392
4396
4398
4410
4412
4418
4421
4424
4429
4435
4446
4453
4459
4464
4473
4476
4485
4493
4502
4504
4505
4509
4512
4515
4516
4520
4526
4532
4535
4539
4540
4545
4546
4552
4553
4556
4564
4574
4575
4583
4589
4592
4602
4607
4611
4614
4631
4633
4634
4650
4653
4664
4666
4670
4675
4682
4698
4699
4708
4709
4710
4715
4717
4718
4732
4737
4738
4744
4745
4749
4752
4754
4757
4771
4772
4775
4777
4781
4783
4785
4793
4797
4803
6282
6283
6284
6285
6286
6287
6288
6289
6290
6291
6292
6293
6294
6295
6296
6297
6299
6300
6303
6304
6305
6306
6308
6309
6310
6311
6313
6314
6315
6316
6317
6318
6320
6321
6323
6324
6326
6327
6328
6329
6330
6331
6332
6333
6334
6335
6336
6338
6339
6341
6342
6343
6344
6345
6346
6347
6348
6350
6352
6353
6354
6355
6356
6357
6358
6359
6360
6362
6363
6364
6365
6367
6369
6370
6371
6372
6373
6374
6375
6376
6377
6378
6379
6380
6381
6382
6383
6384
6385
6386
6387
6388
6389
6390
6391
6392
6393
6396
6397
6398
6399
6402
6403
6405
6406
6407
6408
6409
6410
6411
6412
6413
6414
6415
6416
6417
6418
6419
6420
6421
6422
6424
6425
6426
6428
6429
6430
6431
6433
6434
6435
6436
6437
6438
6439
6440
6441
6442
6443
6444
6446
6447
6448
6449
6450
6451
6452
6453
6454
6455
6456
6457
6458
6459
6461
6462
6463
6464
6465
6466
6467
6468
6469
6470
6471
6472
6473
6474
6475
6476
6477
6478
6479
6482
6483
6484
6485
6486
6487
6488
6489
6490
6491
6492
6493
6494
6495
6496
6497
6498
6499
6500
6501
6502
6503
6504
6505
6508
6509
6510
6511
6512
6513
6515
6516
6517
6518
6519
6520
6521
6523
6524
6525
6526
6527
6528
6529
6530
6531
6532
6533
6534
6535
6536
6537
6538
6539
6540
6541
6543
6544
6545
6546
6547
6548
6549
6550
6551
6552
6553
6554
6555
6556
6557
6558
6559
6560
6561
6563
6564
6565
6566
6567
6568
6569
6570
6571
6572
6573
6574
6575
6576
6577
6578
6579
6580
6581
6582
6584
6585
6586
6587
6588
6589
6590
6591
6592
6593
6594
6595
6596
6597
6598
6599
6600
6601
6602
6604
6605
6606
6607
6608
6609
6610
6611
6612
6613
6614
6615
6617
6618
6619
6621
6624
6625
6626
6627
6629
6630
6631
6632
6633
6634
6635
6636
6637
6638
6639
6640
6641
6642
6643
6644
6645
6646
6647
6648
6649
6650
6651
6652
6653
6654
6655
6656
6659
6660
6661
6662
6663
6664
6665
6668
6670
6671
6672
6673
6674
6675
6676
6677
6678
6679
6680
6681
6682
6683
6684
6686
6687
6688
6689
6690
6691
6692
6693
6694
6695
6696
6697
6699
6700
6701
6702
6703
6704
6705
6706
6707
6708
6709
6710
6711
6712
6713
6714
6715
6716
6717
6718
6719
6721
6722
6723
6724
6725
6726
6727
6728
6729
6730
6731
6732
6733
6734
6735
6736
6737
6738
6739
6740
6741
6742
6743
6744
6745
6746
6747
6748
6749
6750
6751
6752
6753
6754
6755
6756
6757
6758
6760
6761
6762
6763
6764
6765
6767
6768
6769
6770
6771
6772
6774
6775
6776
6777
6778
6779
6780
6781
6782
6783
6784
6785
6786
6787
6788
6789
6790
6791
6792
6794
6795
6796
6797
6798
6799
6800
6801
6802
6803
6804
6805
6806
6807
6808
6809
6810
6811
6812
6813
6814
6815
6816
6817
6818
6819
6820
6821
6822
6823
6824
6825
6826
6827
6828
6829
6830
6831
6832
6833
6834
6835
6836
6837
6838
6839
6840
6841
6842
6843
6844
6845
6847
6849
6850
6851
6852
6853
6854
6855
6857
6858
6859
6860
6861
6862
6863
6864
6865
6866
6867
6868
6869
6870
6871
6872
6873
6874
6876
6877
6878
6880
6881
6882
6883
6884
6885
6886
6887
6888
6889
6890
6891
6892
6893
6894
6895
6896
6898
6899
6901
6902
6903
6904
6905
6906
6907
6908
6909
6910
6911
6912
6913
6914
6915
6916
6917
6919
6920
6921
6922
6923
6924
6925
6926
6927
6929
6930
6931
6932
6933
6934
6935
6937
6938
6940
6941
6943
6944
6946
6947
6948
6949
6950
6951
6952
6954
6955
6956
6957
6958
6959
6960
6961
6963
6964
6965
6966
6967
6968
6969
6970
6971
6972
6973
6974
6975
6976
6977
6978
6979
6980
6981
6982
6983
6984
6985
6986
6987
6988
6989
6990
6991
6992
6993
6994
6995
6996
6998
6999
7000
7001
7002
7003
7004
7005
7006
7007
7008
7009
7010
7011
7013
7014
7017
7018
7019
7020
7022
7023
7024
7026
7027
7030
7031
7032
7033
7035
7036
7037
7038
7039
7040
7041
7042
7043
7044
7045
7046
7047
7048
7049
7050
7051
7052
7053
7054
7056
7057
7058
7059
7060
7061
7062
7064
7065
7066
7067
7068
7070
7071
7072
7073
7074
7075
7076
7077
7078
7079
7080
7081
7082
7083
7084
7085
7086
7087
7088
7089
7090
7091
7092
7093
7094
7095
7096
7097
7098
7099
7100
7101
7102
7103
7104
7105
7106
7107
7108
7109
7110
7111
7112
7113
7115
7116
7118
7119
7121
7122
7123
7124
7125
7126
7128
7129
7130
7131
7132
7133
7134
7135
7136
7137
7138
7139
7140
7141
7142
7143
7144
7145
7146
7147
7148
7149
7150
7151
7152
7153
7154
7155
7156
7158
7159
7160
7161
7162
7163
7164
7165
7166
7168
7169
7171
7172
7173
7174
7175
7176
7178
7179
7180
7181
7182
7183
7184
7185
7187
7188
7190
7191
7192
7193
7194
7195
7196
7197
7198
7199
7200
7201
7202
7203
7204
7205
7206
7207
7208
7209
7211
7212
7214
7215
7218
7219
7220
7221
7222
7223
7225
7226
7227
7228
7229
7230
7231
7232
7233
7234
7236
7237
7239
7240
7241
7242
