9
11
16
18
20
23
24
27
29
34
38
44
47
57
58
63
75
76
80
83
85
100
107
111
130
132
135
141
144
147
154
161
162
168
174
176
177
179
180
181
182
183
185
189
193
195
198
199
203
205
214
227
231
233
235
237
245
251
252
258
262
274
275
280
284
285
290
298
299
301
304
306
318
322
325
337
344
348
350
358
359
362
363
377
379
380
389
391
393
407
412
420
436
442
449
452
458
459
461
462
466
468
473
487
497
500
501
506
509
511
514
515
526
533
536
545
548
559
561
564
567
570
576
580
590
591
593
597
598
600
624
627
636
637
638
641
643
651
670
675
676
685
686
688
705
715
717
721
731
737
742
747
757
764
770
772
774
789
798
804
813
819
841
848
865
874
881
882
889
891
894
897
898
900
902
904
906
916
927
928
931
932
933
940
945
947
957
961
968
971
977
978
981
983
990
998
1001
1012
1016
1027
1036
1045
1047
1057
1060
1065
1066
1069
1074
1075
1083
1084
1086
1088
1103
1104
1108
1119
1121
1122
1123
1138
1151
1154
1156
1165
1172
1173
1181
1192
1202
1209
1210
1211
1215
1216
1218
1228
1229
1244
1245
1246
1251
1263
1264
1265
1271
1275
1284
1290
1292
1300
1301
1304
1306
1307
1314
1315
1335
1343
1358
1360
1362
1363
1364
1373
1379
1387
1389
1401
1408
1414
1415
1424
1446
1460
1461
1481
1482
1488
1490
1491
1494
1496
1503
1504
1527
1531
1536
1540
1544
1547
1561
1569
1581
1588
1594
1600
1606
1607
1610
1611
1612
1618
1621
1645
1646
1650
1651
1653
1655
1658
1660
1663
1674
1680
1681
1683
1695
1697
1698
1707
1708
1709
1711
1719
1725
1729
1735
1739
1741
1744
1762
1765
1770
1772
1778
1784
1790
1798
1813
1814
1821
1822
1829
1841
1844
1846
1866
1869
1876
1877
1886
1887
1889
1893
1897
1904
1924
1925
1937
1942
1946
1962
1972
1976
1977
1979
1982
1989
1990
2001
2007
2016
2033
2040
2050
2066
2070
2073
2087
2089
2091
2094
2097
2100
2101
2104
2111
2128
2132
2150
2156
2161
2167
2179
2182
2193
2202
2205
2207
2218
2220
2222
2227
2228
2236
2239
2246
2249
2250
2252
2254
2255
2258
2266
2269
2281
2283
2287
2291
2296
2297
2299
2305
2306
2307
2319
2324
2326
2327
2330
2333
2335
2346
2347
2348
2350
2356
2358
2360
2361
2363
2364
2378
2393
2396
2403
2407
2420
2425
2435
2446
2453
2455
2457
2459
2462
2465
2470
2479
2483
2485
2493
2502
2504
2514
2533
2537
2538
2541
2544
2551
2556
2563
2564
2569
2574
2575
2583
2587
2591
2608
2616
2629
2635
2644
2646
2662
2663
2667
2671
2681
2688
2694
2702
2706
2711
2716
2719
2721
2727
2733
2742
2746
2755
2758
2768
2776
2787
2788
2791
2809
2810
2812
2819
2823
2845
2851
2853
2862
2878
2883
2885
2889
2897
2901
2909
2910
2920
2923
2929
2932
2955
2959
2965
2966
2970
2971
2972
2973
2985
2992
2997
2999
3000
3008
3012
3017
3024
3033
3036
3037
3051
3052
3065
3069
3070
3073
3077
3079
3081
3087
3088
3093
3094
3122
3125
3126
3127
3128
3149
3152
3159
3161
3179
3184
3190
3192
3193
3205
3212
3225
3228
3244
3246
3253
3270
3276
3277
3278
3281
3300
3301
3318
3324
3326
3334
3339
3350
3353
3355
3357
3361
3363
3369
3373
3374
3385
3391
3394
3398
3403
3419
3421
3422
3429
3433
3435
3437
3446
3449
3450
3457
3458
3464
3472
3474
3475
3477
3483
3487
3488
3492
3493
3500
3507
3508
3514
3515
3519
3520
3521
3523
3532
3533
3544
3549
3553
3555
3559
3563
3566
3571
3579
3591
3601
3618
3619
3626
3634
3640
3645
3647
3664
3668
3670
3677
3678
3680
3683
3695
3699
3708
3719
3720
3725
3739
3744
3753
3758
3766
3767
3780
3788
3792
3800
3805
3813
3815
3816
3821
3834
3838
3841
3842
3850
3851
3856
3858
3867
3872
3881
3884
3887
3891
3897
3898
3899
3901
3905
3912
3925
3927
3931
3933
3939
3946
3948
3951
3953
3961
3973
3974
3979
3981
3986
3994
3995
4011
4022
4033
4039
4046
4052
4053
4056
4069
4086
4094
4095
4097
4103
4108
4116
4117
4120
4133
4138
4148
4149
4150
4155
4157
4160
4161
4162
4164
4175
4184
4189
4191
4194
4197
4199
4203
4209
4213
4229
4233
4240
4242
4260
4273
4277
4279
4281
4286
4291
4293
4299
4304
4311
4312
4317
4325
4331
4333
4343
4344
4346
4349
4356
4360
4361
4362
4365
4366
4369
4372
4377
4379
4383
4386
4394
4400
4405
4409
4413
4414
4417
4420
4423
4425
4432
4434
4437
4444
4448
4450
4455
4465
4466
4467
4470
4486
4490
4491
4508
4517
4518
4525
4527
4533
4541
4550
4551
4561
4563
4571
4585
4587
4591
4619
4620
4624
4635
4667
4680
4684
4691
4703
4711
4722
4724
4741
4748
4774
4784
4787
4791
4795
4796
4798
4804
6282
6283
6284
6285
6286
6287
6288
6289
6290
6291
6292
6293
6294
6295
6296
6297
6299
6300
6303
6304
6305
6306
6308
6309
6310
6311
6313
6314
6315
6316
6317
6318
6320
6321
6323
6324
6326
6327
6328
6329
6330
6331
6332
6333
6334
6335
6336
6338
6339
6341
6342
6343
6344
6345
6346
6347
6348
6350
6352
6353
6354
6355
6356
6357
6358
6359
6360
6362
6363
6364
6365
6367
6369
6370
6371
6372
6373
6374
6375
6376
6377
6378
6379
6380
6381
6382
6383
6384
6385
6386
6387
6388
6389
6390
6391
6392
6393
6396
6397
6398
6399
6402
6403
6405
6406
6407
6408
6409
6410
6411
6412
6413
6414
6415
6416
6417
6418
6419
6420
6421
6422
6424
6425
6426
6428
6429
6430
6431
6433
6434
6435
6436
6437
6438
6439
6440
6441
6442
6443
6444
6446
6447
6448
6449
6450
6451
6452
6453
6454
6455
6456
6457
6458
6459
6461
6462
6463
6464
6465
6466
6467
6468
6469
6470
6471
6472
6473
6474
6475
6476
6477
6478
6479
6482
6483
6484
6485
6486
6487
6488
6489
6490
6491
6492
6493
6494
6495
6496
6497
6498
6499
6500
6501
6502
6503
6504
6505
6508
6509
6510
6511
6512
6513
6515
6516
6517
6518
6519
6520
6521
6523
6524
6525
6526
6527
6528
6529
6530
6531
6532
6533
6534
6535
6536
6537
6538
6539
6540
6541
6543
6544
6545
6546
6547
6548
6549
6550
6551
6552
6553
6554
6555
6556
6557
6558
6559
6560
6561
6563
6564
6565
6566
6567
6568
6569
6570
6571
6572
6573
6574
6575
6576
6577
6578
6579
6580
6581
6582
6584
6585
6586
6587
6588
6589
6590
6591
6592
6593
6594
6595
6596
6597
6598
6599
6600
6601
6602
6604
6605
6606
6607
6608
6609
6610
6611
6612
6613
6614
6615
6617
6618
6619
6621
6624
6625
6626
6627
6629
6630
6631
6632
6633
6634
6635
6636
6637
6638
6639
6640
6641
6642
6643
6644
6645
6646
6647
6648
6649
6650
6651
6652
6653
6654
6655
6656
6659
6660
6661
6662
6663
6664
6665
6668
6670
6671
6672
6673
6674
6675
6676
6677
6678
6679
6680
6681
6682
6683
6684
6686
6687
6688
6689
6690
6691
6692
6693
6694
6695
6696
6697
6699
6700
6701
6702
6703
6704
6705
6706
6707
6708
6709
6710
6711
6712
6713
6714
6715
6716
6717
6718
6719
6721
6722
6723
6724
6725
6726
6727
6728
6729
6730
6731
6732
6733
6734
6735
6736
6737
6738
6739
6740
6741
6742
6743
6744
6745
6746
6747
6748
6749
6750
6751
6752
6753
6754
6755
6756
6757
6758
6760
6761
6762
6763
6764
6765
6767
6768
6769
6770
6771
6772
6774
6775
6776
6777
6778
6779
6780
6781
6782
6783
6784
6785
6786
6787
6788
6789
6790
6791
6792
6794
6795
6796
6797
6798
6799
6800
6801
6802
6803
6804
6805
6806
6807
6808
6809
6810
6811
6812
6813
6814
6815
6816
6817
6818
6819
6820
6821
6822
6823
6824
6825
6826
6827
6828
6829
6830
6831
6832
6833
6834
6835
6836
6837
6838
6839
6840
6841
6842
6843
6844
6845
6847
6849
6850
6851
6852
6853
6854
6855
6857
6858
6859
6860
6861
6862
6863
6864
6865
6866
6867
6868
6869
6870
6871
6872
6873
6874
6876
6877
6878
6880
6881
6882
6883
6884
6885
6886
6887
6888
6889
6890
6891
6892
6893
6894
6895
6896
6898
6899
6901
6902
6903
6904
6905
6906
6907
6908
6909
6910
6911
6912
6913
6914
6915
6916
6917
6919
6920
6921
6922
6923
6924
6925
6926
6927
6929
6930
6931
6932
6933
6934
6935
6937
6938
6940
6941
6943
6944
6946
6947
6948
6949
6950
6951
6952
6954
6955
6956
6957
6958
6959
6960
6961
6963
6964
6965
6966
6967
6968
6969
6970
6971
6972
6973
6974
6975
6976
6977
6978
6979
6980
6981
6982
6983
6984
6985
6986
6987
6988
6989
6990
6991
6992
6993
6994
6995
6996
6998
6999
7000
7001
7002
7003
7004
7005
7006
7007
7008
7009
7010
7011
7013
7014
7017
7018
7019
7020
7022
7023
7024
7026
7027
7030
7031
7032
7033
7035
7036
7037
7038
7039
7040
7041
7042
7043
7044
7045
7046
7047
7048
7049
7050
7051
7052
7053
7054
7056
7057
7058
7059
7060
7061
7062
7064
7065
7066
7067
7068
7070
7071
7072
7073
7074
7075
7076
7077
7078
7079
7080
7081
7082
7083
7084
7085
7086
7087
7088
7089
7090
7091
7092
7093
7094
7095
7096
7097
7098
7099
7100
7101
7102
7103
7104
7105
7106
7107
7108
7109
7110
7111
7112
7113
7115
7116
7118
7119
7121
7122
7123
7124
7125
7126
7128
7129
7130
7131
7132
7133
7134
7135
7136
7137
7138
7139
7140
7141
7142
7143
7144
7145
7146
7147
7148
7149
7150
7151
7152
7153
7154
7155
7156
7158
7159
7160
7161
7162
7163
7164
7165
7166
7168
7169
7171
7172
7173
7174
7175
7176
7178
7179
7180
7181
7182
7183
7184
7185
7187
7188
7190
7191
7192
7193
7194
7195
7196
7197
7198
7199
7200
7201
7202
7203
7204
7205
7206
7207
7208
7209
7211
7212
7214
7215
7218
7219
7220
7221
7222
7223
7225
7226
7227
7228
7229
7230
7231
7232
7233
7234
7236
7237
7239
7240
7241
7242
