1
5
10
22
26
32
33
41
49
52
54
59
64
69
71
88
103
112
113
119
126
129
131
133
134
136
146
170
187
211
218
236
238
242
253
254
255
267
270
271
273
282
289
305
308
335
347
357
365
367
373
374
378
382
387
395
396
403
406
413
414
416
441
455
460
472
477
479
480
486
488
491
508
519
529
530
541
542
544
552
553
557
558
566
569
579
581
584
587
594
595
605
619
630
644
661
665
667
678
680
684
689
692
709
714
716
719
723
726
729
730
732
733
745
748
760
763
768
771
773
775
776
783
787
791
795
799
800
805
815
820
831
832
834
839
840
846
849
854
855
858
859
875
877
886
887
890
905
909
912
934
935
938
948
951
958
959
962
965
967
970
985
989
1004
1006
1015
1017
1022
1023
1025
1049
1067
1068
1081
1085
1094
1096
1097
1098
1106
1109
1120
1124
1128
1132
1133
1134
1136
1144
1146
1167
1168
1175
1183
1184
1191
1208
1212
1213
1220
1223
1224
1233
1239
1240
1241
1242
1267
1270
1277
1285
1286
1288
1293
1294
1308
1310
1312
1313
1323
1329
1331
1338
1339
1341
1348
1351
1353
1355
1357
1365
1370
1372
1375
1380
1384
1390
1402
1412
1422
1425
1428
1441
1451
1452
1466
1469
1495
1499
1509
1511
1553
1555
1556
1557
1565
1572
1573
1576
1578
1579
1580
1593
1596
1599
1602
1608
1616
1631
1648
1652
1657
1662
1664
1671
1678
1679
1685
1686
1690
1691
1694
1706
1714
1717
1721
1723
1727
1730
1732
1734
1736
1746
1757
1760
1761
1763
1767
1769
1779
1780
1793
1801
1807
1812
1818
1820
1828
1835
1838
1839
1847
1848
1851
1859
1867
1868
1871
1873
1883
1895
1906
1911
1912
1916
1918
1935
1939
1952
1959
1960
1964
1974
1984
1985
1991
1999
2000
2003
2006
2008
2010
2012
2013
2018
2019
2025
2027
2032
2034
2042
2043
2045
2049
2055
2076
2077
2084
2092
2096
2099
2102
2117
2125
2146
2157
2160
2164
2170
2184
2189
2206
2221
2224
2226
2230
2232
2234
2242
2247
2265
2267
2273
2276
2277
2279
2285
2289
2303
2304
2308
2320
2321
2329
2332
2338
2339
2340
2349
2357
2370
2372
2374
2379
2386
2399
2401
2405
2415
2424
2427
2431
2442
2443
2447
2451
2473
2477
2478
2481
2484
2487
2488
2494
2495
2501
2505
2506
2507
2510
2517
2520
2523
2525
2528
2530
2534
2539
2542
2546
2552
2554
2559
2560
2561
2566
2567
2570
2571
2584
2588
2593
2600
2605
2613
2618
2620
2625
2636
2639
2640
2649
2651
2653
2660
2661
2664
2665
2668
2672
2677
2685
2697
2703
2720
2722
2731
2732
2734
2751
2754
2757
2769
2770
2783
2792
2797
2803
2804
2808
2814
2818
2826
2830
2831
2832
2840
2846
2850
2852
2872
2874
2875
2882
2887
2892
2893
2899
2906
2907
2911
2912
2922
2933
2936
2937
2945
2947
2950
2952
2953
2957
2961
2967
2975
2976
2983
2987
2989
2994
2995
2998
3011
3030
3031
3039
3047
3053
3055
3061
3063
3064
3066
3075
3083
3085
3089
3096
3097
3102
3114
3119
3123
3130
3131
3133
3134
3136
3141
3147
3155
3158
3160
3164
3165
3167
3173
3180
3181
3188
3197
3200
3202
3208
3210
3220
3223
3230
3232
3233
3237
3242
3249
3268
3272
3275
3283
3284
3288
3289
3292
3299
3322
3327
3330
3333
3335
3349
3365
3375
3378
3386
3388
3389
3392
3393
3396
3397
3410
3413
3424
3439
3444
3465
3469
3470
3476
3479
3482
3489
3496
3505
3506
3510
3516
3518
3525
3526
3528
3537
3542
3546
3551
3557
3562
3567
3576
3578
3582
3583
3584
3585
3593
3594
3597
3598
3599
3609
3612
3613
3620
3633
3648
3655
3659
3661
3666
3679
3684
3685
3697
3700
3701
3711
3721
3728
3730
3732
3733
3738
3743
3746
3754
3763
3765
3768
3773
3790
3794
3804
3819
3827
3831
3833
3846
3848
3861
3862
3868
3874
3878
3885
3886
3892
3908
3916
3920
3934
3936
3937
3942
3952
3957
3958
3960
3972
3975
3978
3980
3983
3984
3987
3998
4001
4004
4006
4009
4013
4024
4027
4029
4032
4036
4043
4044
4048
4057
4063
4064
4078
4079
4087
4092
4100
4102
4115
4118
4124
4125
4126
4128
4135
4139
4142
4146
4151
4158
4159
4165
4167
4169
4170
4173
4176
4179
4182
4186
4192
4193
4205
4207
4224
4226
4231
4234
4235
4237
4238
4243
4245
4247
4253
4256
4259
4264
4265
4267
4268
4269
4276
4285
4297
4301
4306
4313
4314
4318
4322
4324
4326
4332
4334
4339
4340
4347
4350
4357
4358
4364
4367
4387
4390
4393
4403
4406
4419
4431
4439
4443
4457
4461
4462
4477
4478
4479
4487
4488
4489
4496
4500
4506
4510
4511
4513
4528
4531
4536
4559
4573
4581
4588
4600
4601
4603
4604
4606
4608
4622
4623
4630
4639
4644
4654
4661
4663
4665
4671
4679
4681
4683
4686
4692
4697
4707
4733
4735
4736
4742
4746
4760
4765
4769
4773
4776
4778
6282
6283
6284
6285
6286
6287
6288
6289
6290
6291
6292
6293
6294
6295
6296
6297
6299
6300
6303
6304
6305
6306
6308
6309
6310
6311
6313
6314
6315
6316
6317
6318
6320
6321
6323
6324
6326
6327
6328
6329
6330
6331
6332
6333
6334
6335
6336
6338
6339
6341
6342
6343
6344
6345
6346
6347
6348
6350
6352
6353
6354
6355
6356
6357
6358
6359
6360
6362
6363
6364
6365
6367
6369
6370
6371
6372
6373
6374
6375
6376
6377
6378
6379
6380
6381
6382
6383
6384
6385
6386
6387
6388
6389
6390
6391
6392
6393
6396
6397
6398
6399
6402
6403
6405
6406
6407
6408
6409
6410
6411
6412
6413
6414
6415
6416
6417
6418
6419
6420
6421
6422
6424
6425
6426
6428
6429
6430
6431
6433
6434
6435
6436
6437
6438
6439
6440
6441
6442
6443
6444
6446
6447
6448
6449
6450
6451
6452
6453
6454
6455
6456
6457
6458
6459
6461
6462
6463
6464
6465
6466
6467
6468
6469
6470
6471
6472
6473
6474
6475
6476
6477
6478
6479
6482
6483
6484
6485
6486
6487
6488
6489
6490
6491
6492
6493
6494
6495
6496
6497
6498
6499
6500
6501
6502
6503
6504
6505
6508
6509
6510
6511
6512
6513
6515
6516
6517
6518
6519
6520
6521
6523
6524
6525
6526
6527
6528
6529
6530
6531
6532
6533
6534
6535
6536
6537
6538
6539
6540
6541
6543
6544
6545
6546
6547
6548
6549
6550
6551
6552
6553
6554
6555
6556
6557
6558
6559
6560
6561
6563
6564
6565
6566
6567
6568
6569
6570
6571
6572
6573
6574
6575
6576
6577
6578
6579
6580
6581
6582
6584
6585
6586
6587
6588
6589
6590
6591
6592
6593
6594
6595
6596
6597
6598
6599
6600
6601
6602
6604
6605
6606
6607
6608
6609
6610
6611
6612
6613
6614
6615
6617
6618
6619
6621
6624
6625
6626
6627
6629
6630
6631
6632
6633
6634
6635
6636
6637
6638
6639
6640
6641
6642
6643
6644
6645
6646
6647
6648
6649
6650
6651
6652
6653
6654
6655
6656
6659
6660
6661
6662
6663
6664
6665
6668
6670
6671
6672
6673
6674
6675
6676
6677
6678
6679
6680
6681
6682
6683
6684
6686
6687
6688
6689
6690
6691
6692
6693
6694
6695
6696
6697
6699
6700
6701
6702
6703
6704
6705
6706
6707
6708
6709
6710
6711
6712
6713
6714
6715
6716
6717
6718
6719
6721
6722
6723
6724
6725
6726
6727
6728
6729
6730
6731
6732
6733
6734
6735
6736
6737
6738
6739
6740
6741
6742
6743
6744
6745
6746
6747
6748
6749
6750
6751
6752
6753
6754
6755
6756
6757
6758
6760
6761
6762
6763
6764
6765
6767
6768
6769
6770
6771
6772
6774
6775
6776
6777
6778
6779
6780
6781
6782
6783
6784
6785
6786
6787
6788
6789
6790
6791
6792
6794
6795
6796
6797
6798
6799
6800
6801
6802
6803
6804
6805
6806
6807
6808
6809
6810
6811
6812
6813
6814
6815
6816
6817
6818
6819
6820
6821
6822
6823
6824
6825
6826
6827
6828
6829
6830
6831
6832
6833
6834
6835
6836
6837
6838
6839
6840
6841
6842
6843
6844
6845
6847
6849
6850
6851
6852
6853
6854
6855
6857
6858
6859
6860
6861
6862
6863
6864
6865
6866
6867
6868
6869
6870
6871
6872
6873
6874
6876
6877
6878
6880
6881
6882
6883
6884
6885
6886
6887
6888
6889
6890
6891
6892
6893
6894
6895
6896
6898
6899
6901
6902
6903
6904
6905
6906
6907
6908
6909
6910
6911
6912
6913
6914
6915
6916
6917
6919
6920
6921
6922
6923
6924
6925
6926
6927
6929
6930
6931
6932
6933
6934
6935
6937
6938
6940
6941
6943
6944
6946
6947
6948
6949
6950
6951
6952
6954
6955
6956
6957
6958
6959
6960
6961
6963
6964
6965
6966
6967
6968
6969
6970
6971
6972
6973
6974
6975
6976
6977
6978
6979
6980
6981
6982
6983
6984
6985
6986
6987
6988
6989
6990
6991
6992
6993
6994
6995
6996
6998
6999
7000
7001
7002
7003
7004
7005
7006
7007
7008
7009
7010
7011
7013
7014
7017
7018
7019
7020
7022
7023
7024
7026
7027
7030
7031
7032
7033
7035
7036
7037
7038
7039
7040
7041
7042
7043
7044
7045
7046
7047
7048
7049
7050
7051
7052
7053
7054
7056
7057
7058
7059
7060
7061
7062
7064
7065
7066
7067
7068
7070
7071
7072
7073
7074
7075
7076
7077
7078
7079
7080
7081
7082
7083
7084
7085
7086
7087
7088
7089
7090
7091
7092
7093
7094
7095
7096
7097
7098
7099
7100
7101
7102
7103
7104
7105
7106
7107
7108
7109
7110
7111
7112
7113
7115
7116
7118
7119
7121
7122
7123
7124
7125
7126
7128
7129
7130
7131
7132
7133
7134
7135
7136
7137
7138
7139
7140
7141
7142
7143
7144
7145
7146
7147
7148
7149
7150
7151
7152
7153
7154
7155
7156
7158
7159
7160
7161
7162
7163
7164
7165
7166
7168
7169
7171
7172
7173
7174
7175
7176
7178
7179
7180
7181
7182
7183
7184
7185
7187
7188
7190
7191
7192
7193
7194
7195
7196
7197
7198
7199
7200
7201
7202
7203
7204
7205
7206
7207
7208
7209
7211
7212
7214
7215
7218
7219
7220
7221
7222
7223
7225
7226
7227
7228
7229
7230
7231
7232
7233
7234
7236
7237
7239
7240
7241
7242
