0
3
14
15
17
25
28
36
42
50
51
61
68
72
73
99
101
106
115
121
122
128
137
148
152
158
159
167
200
209
210
215
216
217
222
223
241
244
246
248
250
256
257
259
260
263
277
281
287
288
295
296
307
314
319
323
327
331
336
346
352
355
360
369
371
372
388
392
394
397
399
400
421
422
423
435
439
443
446
447
448
451
454
456
467
469
476
482
484
492
493
494
507
510
517
518
521
522
523
524
535
546
551
554
562
563
571
601
603
607
613
616
621
628
629
640
646
653
656
660
663
668
671
672
677
679
690
691
698
699
704
712
722
728
734
735
738
740
750
756
765
769
777
778
781
785
792
803
809
810
821
823
835
850
856
861
862
863
864
869
872
876
878
883
884
895
901
907
910
913
919
922
930
950
969
974
975
980
987
988
994
999
1002
1013
1018
1024
1028
1033
1038
1040
1043
1044
1048
1050
1059
1061
1062
1063
1076
1078
1091
1092
1093
1095
1101
1112
1116
1117
1126
1139
1145
1148
1149
1152
1155
1158
1161
1169
1171
1176
1178
1179
1180
1185
1186
1194
1201
1206
1207
1217
1219
1225
1232
1234
1236
1237
1247
1248
1252
1257
1259
1261
1266
1269
1272
1273
1278
1280
1287
1305
1316
1322
1324
1326
1328
1336
1345
1346
1350
1352
1354
1356
1369
1371
1376
1377
1385
1386
1388
1392
1393
1398
1404
1405
1407
1416
1417
1418
1421
1432
1433
1434
1435
1436
1440
1443
1462
1463
1464
1467
1468
1477
1480
1493
1497
1498
1516
1517
1518
1526
1528
1529
1530
1535
1542
1546
1549
1567
1570
1571
1577
1584
1585
1587
1598
1604
1605
1624
1627
1629
1632
1634
1644
1647
1659
1666
1667
1675
1682
1689
1700
1701
1712
1738
1742
1743
1750
1758
1764
1766
1773
1775
1776
1777
1787
1788
1789
1802
1805
1825
1827
1831
1834
1842
1843
1849
1850
1852
1857
1858
1861
1863
1864
1901
1909
1921
1934
1938
1940
1941
1943
1953
1954
1963
1968
1970
1971
1978
1980
1987
1995
2002
2005
2014
2015
2021
2024
2037
2041
2051
2052
2058
2060
2061
2067
2072
2079
2080
2082
2085
2107
2113
2115
2119
2123
2126
2127
2131
2136
2138
2141
2148
2149
2151
2155
2163
2166
2172
2174
2176
2186
2190
2192
2196
2203
2209
2211
2212
2217
2240
2243
2248
2256
2260
2270
2272
2274
2275
2292
2300
2309
2311
2313
2322
2337
2342
2344
2351
2355
2359
2367
2373
2377
2380
2381
2384
2387
2389
2390
2394
2395
2397
2398
2406
2409
2410
2417
2421
2434
2436
2437
2441
2452
2461
2472
2476
2482
2492
2496
2497
2499
2503
2513
2516
2535
2547
2568
2572
2576
2581
2585
2590
2596
2598
2599
2602
2609
2619
2622
2623
2626
2632
2634
2645
2648
2650
2666
2669
2670
2675
2676
2678
2683
2690
2693
2707
2710
2712
2723
2725
2726
2728
2729
2737
2743
2750
2752
2760
2762
2764
2765
2767
2771
2772
2773
2781
2785
2794
2796
2801
2802
2813
2817
2824
2825
2827
2828
2835
2836
2858
2866
2867
2870
2876
2877
2886
2895
2908
2915
2918
2919
2926
2928
2930
2931
2944
2960
2962
2964
2974
2988
2990
2991
3014
3028
3032
3041
3043
3046
3049
3074
3078
3084
3090
3101
3105
3106
3116
3118
3145
3154
3162
3166
3168
3172
3174
3175
3177
3178
3182
3191
3196
3199
3204
3219
3227
3239
3243
3251
3267
3273
3291
3295
3306
3309
3313
3314
3315
3325
3328
3337
3338
3342
3348
3360
3366
3372
3381
3384
3395
3411
3432
3447
3460
3463
3471
3473
3480
3499
3503
3504
3513
3522
3536
3540
3541
3547
3552
3570
3572
3573
3574
3577
3581
3589
3596
3600
3604
3610
3614
3627
3636
3637
3639
3642
3644
3646
3651
3652
3669
3676
3681
3686
3687
3692
3715
3729
3747
3750
3760
3770
3772
3774
3776
3781
3785
3798
3806
3818
3825
3830
3835
3840
3844
3854
3857
3859
3869
3873
3877
3882
3890
3893
3895
3913
3914
3918
3921
3923
3926
3929
3944
3963
3965
3968
3970
3982
3989
3991
3993
3997
4003
4008
4017
4026
4028
4038
4042
4047
4054
4058
4059
4070
4071
4072
4076
4080
4081
4083
4090
4091
4093
4096
4101
4104
4107
4109
4112
4121
4123
4141
4152
4166
4183
4187
4190
4206
4208
4211
4212
4215
4218
4219
4223
4225
4232
4236
4239
4241
4248
4250
4251
4254
4283
4290
4295
4302
4305
4308
4309
4323
4327
4336
4337
4338
4341
4363
4368
4370
4374
4378
4388
4395
4397
4404
4411
4415
4430
4433
4442
4447
4452
4454
4458
4463
4471
4472
4474
4492
4494
4498
4499
4514
4519
4521
4529
4534
4538
4542
4543
4544
4548
4549
4555
4560
4570
4572
4577
4584
4586
4595
4605
4610
4615
4617
4621
4626
4629
4641
4643
4647
4648
4652
4678
4685
4693
4695
4702
4721
4725
4739
4743
4747
4750
4753
4758
4761
4763
4767
4782
4786
4790
4792
4800
4802
6282
6283
6284
6285
6286
6287
6288
6289
6290
6291
6292
6293
6294
6295
6296
6297
6299
6300
6303
6304
6305
6306
6308
6309
6310
6311
6313
6314
6315
6316
6317
6318
6320
6321
6323
6324
6326
6327
6328
6329
6330
6331
6332
6333
6334
6335
6336
6338
6339
6341
6342
6343
6344
6345
6346
6347
6348
6350
6352
6353
6354
6355
6356
6357
6358
6359
6360
6362
6363
6364
6365
6367
6369
6370
6371
6372
6373
6374
6375
6376
6377
6378
6379
6380
6381
6382
6383
6384
6385
6386
6387
6388
6389
6390
6391
6392
6393
6396
6397
6398
6399
6402
6403
6405
6406
6407
6408
6409
6410
6411
6412
6413
6414
6415
6416
6417
6418
6419
6420
6421
6422
6424
6425
6426
6428
6429
6430
6431
6433
6434
6435
6436
6437
6438
6439
6440
6441
6442
6443
6444
6446
6447
6448
6449
6450
6451
6452
6453
6454
6455
6456
6457
6458
6459
6461
6462
6463
6464
6465
6466
6467
6468
6469
6470
6471
6472
6473
6474
6475
6476
6477
6478
6479
6482
6483
6484
6485
6486
6487
6488
6489
6490
6491
6492
6493
6494
6495
6496
6497
6498
6499
6500
6501
6502
6503
6504
6505
6508
6509
6510
6511
6512
6513
6515
6516
6517
6518
6519
6520
6521
6523
6524
6525
6526
6527
6528
6529
6530
6531
6532
6533
6534
6535
6536
6537
6538
6539
6540
6541
6543
6544
6545
6546
6547
6548
6549
6550
6551
6552
6553
6554
6555
6556
6557
6558
6559
6560
6561
6563
6564
6565
6566
6567
6568
6569
6570
6571
6572
6573
6574
6575
6576
6577
6578
6579
6580
6581
6582
6584
6585
6586
6587
6588
6589
6590
6591
6592
6593
6594
6595
6596
6597
6598
6599
6600
6601
6602
6604
6605
6606
6607
6608
6609
6610
6611
6612
6613
6614
6615
6617
6618
6619
6621
6624
6625
6626
6627
6629
6630
6631
6632
6633
6634
6635
6636
6637
6638
6639
6640
6641
6642
6643
6644
6645
6646
6647
6648
6649
6650
6651
6652
6653
6654
6655
6656
6659
6660
6661
6662
6663
6664
6665
6668
6670
6671
6672
6673
6674
6675
6676
6677
6678
6679
6680
6681
6682
6683
6684
6686
6687
6688
6689
6690
6691
6692
6693
6694
6695
6696
6697
6699
6700
6701
6702
6703
6704
6705
6706
6707
6708
6709
6710
6711
6712
6713
6714
6715
6716
6717
6718
6719
6721
6722
6723
6724
6725
6726
6727
6728
6729
6730
6731
6732
6733
6734
6735
6736
6737
6738
6739
6740
6741
6742
6743
6744
6745
6746
6747
6748
6749
6750
6751
6752
6753
6754
6755
6756
6757
6758
6760
6761
6762
6763
6764
6765
6767
6768
6769
6770
6771
6772
6774
6775
6776
6777
6778
6779
6780
6781
6782
6783
6784
6785
6786
6787
6788
6789
6790
6791
6792
6794
6795
6796
6797
6798
6799
6800
6801
6802
6803
6804
6805
6806
6807
6808
6809
6810
6811
6812
6813
6814
6815
6816
6817
6818
6819
6820
6821
6822
6823
6824
6825
6826
6827
6828
6829
6830
6831
6832
6833
6834
6835
6836
6837
6838
6839
6840
6841
6842
6843
6844
6845
6847
6849
6850
6851
6852
6853
6854
6855
6857
6858
6859
6860
6861
6862
6863
6864
6865
6866
6867
6868
6869
6870
6871
6872
6873
6874
6876
6877
6878
6880
6881
6882
6883
6884
6885
6886
6887
6888
6889
6890
6891
6892
6893
6894
6895
6896
6898
6899
6901
6902
6903
6904
6905
6906
6907
6908
6909
6910
6911
6912
6913
6914
6915
6916
6917
6919
6920
6921
6922
6923
6924
6925
6926
6927
6929
6930
6931
6932
6933
6934
6935
6937
6938
6940
6941
6943
6944
6946
6947
6948
6949
6950
6951
6952
6954
6955
6956
6957
6958
6959
6960
6961
6963
6964
6965
6966
6967
6968
6969
6970
6971
6972
6973
6974
6975
6976
6977
6978
6979
6980
6981
6982
6983
6984
6985
6986
6987
6988
6989
6990
6991
6992
6993
6994
6995
6996
6998
6999
7000
7001
7002
7003
7004
7005
7006
7007
7008
7009
7010
7011
7013
7014
7017
7018
7019
7020
7022
7023
7024
7026
7027
7030
7031
7032
7033
7035
7036
7037
7038
7039
7040
7041
7042
7043
7044
7045
7046
7047
7048
7049
7050
7051
7052
7053
7054
7056
7057
7058
7059
7060
7061
7062
7064
7065
7066
7067
7068
7070
7071
7072
7073
7074
7075
7076
7077
7078
7079
7080
7081
7082
7083
7084
7085
7086
7087
7088
7089
7090
7091
7092
7093
7094
7095
7096
7097
7098
7099
7100
7101
7102
7103
7104
7105
7106
7107
7108
7109
7110
7111
7112
7113
7115
7116
7118
7119
7121
7122
7123
7124
7125
7126
7128
7129
7130
7131
7132
7133
7134
7135
7136
7137
7138
7139
7140
7141
7142
7143
7144
7145
7146
7147
7148
7149
7150
7151
7152
7153
7154
7155
7156
7158
7159
7160
7161
7162
7163
7164
7165
7166
7168
7169
7171
7172
7173
7174
7175
7176
7178
7179
7180
7181
7182
7183
7184
7185
7187
7188
7190
7191
7192
7193
7194
7195
7196
7197
7198
7199
7200
7201
7202
7203
7204
7205
7206
7207
7208
7209
7211
7212
7214
7215
7218
7219
7220
7221
7222
7223
7225
7226
7227
7228
7229
7230
7231
7232
7233
7234
7236
7237
7239
7240
7241
7242
