0 1
0 874
0 992
0 1435
0 1845
0 2347
0 2576
1 1260
1 1399
1 1845
1 2044
1 2576
2 4
2 5
2 6
2 7
2 735
2 1540
2 1649
3 7
3 345
3 487
3 528
3 1191
3 1380
3 1388
3 1481
3 1818
3 1969
4 5
4 7
4 380
4 1540
4 1871
5 6
5 7
5 1540
5 2292
6 7
6 1540
6 2292
7 346
7 1540
8 78
8 352
8 536
8 995
8 998
8 1467
8 1667
8 1702
8 1815
8 2367
8 2572
8 2623
9 68
9 385
9 392
9 554
9 635
9 661
9 1003
9 1058
10 447
10 581
10 707
10 784
10 870
10 929
11 413
11 428
11 447
11 696
11 785
11 1243
11 1392
11 1589
11 1595
11 1668
11 1778
11 1812
11 1877
11 1989
11 2058
11 2110
11 2140
11 2152
11 2225
11 2249
11 2342
11 2343
11 2521
11 2527
11 2583
11 2659
11 2660
12 242
12 418
12 482
12 567
12 1163
12 1265
12 1295
12 1413
12 1890
12 2156
13 14
13 132
13 219
13 253
13 981
13 1907
13 2584
14 132
14 253
14 262
14 981
14 2584
15 16
15 62
15 1247
15 1273
15 1385
15 1594
15 1608
16 32
16 200
16 343
16 376
16 640
16 888
16 1067
16 1250
16 1275
16 1594
17 325
17 555
17 639
17 1066
17 1099
17 1232
17 2298
18 182
18 1102
18 1233
18 1415
18 1669
18 1871
18 2134
18 2203
18 2580
19 713
19 952
19 986
19 2268
19 2652
20 86
20 387
20 596
20 758
20 1279
21 23
21 24
21 25
21 87
21 759
21 1280
21 2455
21 2520
22 88
22 316
22 794
22 865
22 962
23 25
23 89
23 164
23 760
23 866
23 1147
23 1281
24 25
24 90
24 761
24 1282
25 91
25 762
25 1283
25 2520
26 39
26 429
26 492
26 493
26 862
26 1126
26 1145
26 1798
26 2389
26 2483
26 2597
27 28
27 29
27 30
27 31
27 1375
27 2117
27 2285
27 2312
27 2357
27 2515
28 29
28 30
28 31
28 1375
28 2117
28 2312
28 2357
29 30
29 31
29 2312
29 2357
30 31
30 2312
30 2357
31 2289
31 2357
32 853
32 1250
32 1275
32 1300
32 1657
32 2253
33 690
33 1213
33 1252
33 1276
33 1657
33 2253
34 102
34 193
34 632
34 1040
34 1196
34 2569
35 36
35 37
35 552
35 633
35 764
35 1045
35 1210
35 2569
36 37
36 199
36 214
36 279
36 619
36 727
36 1480
36 2569
37 215
37 856
37 2569
37 2629
38 68
38 158
38 385
38 635
38 1003
39 229
39 281
39 429
39 493
39 1126
39 2389
40 41
40 42
40 43
40 326
40 911
40 1032
40 1255
40 1865
40 2107
40 2322
40 2600
41 42
41 43
41 2322
41 2600
42 43
42 1865
42 2322
42 2600
43 2107
43 2322
43 2600
44 45
44 874
44 1544
44 1973
44 2454
44 2628
45 340
45 384
45 874
45 2072
46 47
46 50
46 51
46 1476
46 2234
47 48
47 49
47 50
47 51
47 682
47 1476
47 1554
47 1695
47 1795
47 2066
47 2230
47 2234
47 2625
48 51
48 1476
48 2230
48 2234
49 1351
49 1476
49 1774
49 2234
49 2430
50 51
50 1476
50 2234
51 1476
51 1554
51 1642
51 1795
51 2230
51 2234
52 53
52 54
52 144
52 535
52 715
52 1164
53 54
53 146
53 717
53 876
54 146
54 876
54 1158
55 56
55 880
55 1178
55 1240
55 2194
56 644
56 921
56 1180
56 1241
56 1866
56 2194
57 145
57 734
57 773
57 826
57 875
57 877
57 1781
57 1922
57 1964
57 2493
58 774
58 833
58 1226
58 1228
58 1515
58 2637
59 60
59 173
59 175
59 407
59 1157
59 1630
59 1831
59 2254
59 2309
60 176
60 646
60 1630
60 1831
60 2309
61 354
61 539
61 803
61 1068
61 1411
61 1677
61 2086
62 1273
62 1526
62 1627
62 1926
63 282
63 678
63 1306
63 1729
63 2482
64 65
64 66
64 378
64 708
64 709
64 1492
64 1747
64 2085
65 66
65 379
65 708
65 709
65 1159
65 1577
66 172
66 381
66 2435
67 362
67 620
67 1249
67 1316
67 1329
67 1442
68 158
68 343
68 385
68 392
68 554
68 565
68 635
68 661
68 1003
68 1058
68 1067
69 72
69 120
69 185
69 857
69 859
69 2532
70 71
70 122
70 191
70 1044
70 1117
70 2262
70 2532
71 110
71 117
71 124
71 1204
71 2262
71 2532
72 126
72 839
72 858
72 859
72 897
73 437
73 593
73 951
73 1086
73 1146
74 75
74 76
74 573
74 958
74 2181
74 2526
75 76
75 240
75 756
75 1596
75 2181
76 573
76 1026
76 1542
76 1648
76 2181
76 2526
77 78
77 536
77 1637
77 1867
77 2266
77 2548
78 79
78 352
78 536
78 537
78 975
78 995
78 1637
78 1867
78 2266
78 2548
79 536
79 537
79 1637
79 2266
80 1071
80 1122
80 1191
80 1380
80 1969
81 83
81 84
81 672
81 1072
81 1718
82 83
82 671
82 1123
82 1192
82 1718
83 672
83 1073
83 1124
83 1193
83 1694
83 1718
84 673
84 1075
84 1125
84 1194
85 895
85 1427
85 1472
85 1498
85 1690
85 2630
86 87
86 91
86 758
86 1279
86 1897
87 89
87 90
87 91
87 1280
87 1897
87 2035
87 2075
88 316
88 794
88 865
88 962
89 91
89 760
89 1281
89 1897
89 2035
89 2075
90 91
90 761
90 1282
90 1897
90 2035
90 2075
91 1283
91 1897
91 2035
91 2075
92 93
92 94
92 95
92 96
92 97
92 98
92 99
92 531
92 532
92 803
92 1486
92 1677
93 94
93 95
93 96
93 97
93 98
93 99
93 531
93 1827
93 2195
93 2540
94 95
94 98
94 532
94 973
94 1235
95 96
95 531
95 532
96 97
96 98
96 99
96 1980
97 98
97 99
98 99
98 2195
99 1980
99 2195
100 149
100 560
100 587
100 822
100 934
100 1105
100 1129
100 2154
100 2210
100 2461
101 106
101 113
101 327
101 448
101 615
101 650
101 1195
101 1291
101 1883
101 1982
101 2009
101 2245
102 148
102 250
102 449
102 1040
102 1166
102 1196
103 328
103 450
103 550
103 614
103 651
103 1167
103 1197
103 1311
103 1883
104 112
104 185
104 329
104 551
104 652
104 807
104 1198
104 1288
104 1312
105 254
105 277
105 677
105 945
105 1169
105 1199
105 1863
105 1883
105 2399
106 121
106 330
106 579
106 653
106 1116
106 1170
106 1200
106 1883
106 2555
107 116
107 123
107 321
107 332
107 584
107 654
107 764
107 851
107 1201
107 1289
107 1292
108 364
108 451
108 553
108 585
108 620
108 655
108 660
108 1202
108 1316
108 2481
109 150
109 258
109 1047
109 1173
109 1203
109 1883
110 117
110 124
110 225
110 259
110 1174
110 1204
110 1317
110 1708
111 125
111 333
111 453
111 852
111 1001
111 1205
111 1293
111 1319
111 2033
112 186
112 334
112 657
112 810
112 1176
112 1206
112 1320
113 228
113 263
113 1177
113 1207
113 1321
114 120
114 126
114 192
114 409
114 613
115 116
115 117
115 122
115 191
115 1139
115 1806
115 1963
115 2038
116 123
116 609
116 1140
116 1292
116 1806
116 1963
117 124
117 1142
117 1317
117 1963
118 121
118 122
118 124
118 246
118 448
118 909
118 1113
118 1135
118 2470
118 2532
119 121
119 123
119 190
119 450
119 909
119 1114
119 1136
120 126
120 409
120 625
120 807
120 1115
120 1121
120 1312
121 909
121 1116
121 1138
122 191
122 627
122 979
122 1044
122 1117
122 1139
122 1314
122 2470
123 609
123 628
123 843
123 980
123 1118
123 1140
124 1142
124 1204
124 1317
124 1708
125 410
125 453
125 612
125 1120
125 1143
125 1319
126 192
126 613
126 631
126 810
126 839
126 859
126 1115
126 1121
126 1144
126 1320
127 433
127 463
127 474
127 674
127 687
127 822
127 1237
127 1849
128 1008
128 1011
128 2215
128 2299
128 2360
128 2440
129 229
129 464
129 466
129 493
129 505
129 862
129 1035
129 1036
129 1038
129 2015
129 2172
129 2174
129 2338
130 133
130 134
130 136
130 327
130 650
130 1113
130 2626
131 135
131 328
131 651
131 1114
131 1197
131 2626
132 137
132 329
132 334
132 652
132 1115
132 1198
133 134
133 330
133 653
133 1116
133 1200
133 2626
134 331
134 1117
134 1209
134 2626
135 332
135 654
135 764
135 1118
135 1201
135 2626
136 333
136 656
136 1120
136 1205
137 329
137 334
137 657
137 1121
137 1206
138 139
138 140
138 141
138 606
138 1023
138 2206
139 140
139 141
139 895
139 2206
140 141
140 1125
140 2206
141 895
141 2206
142 143
142 480
142 583
142 1537
142 2361
142 2586
142 2612
143 358
143 593
143 605
143 879
143 1103
143 1146
143 1537
143 1978
143 2612
144 146
144 535
144 545
144 1164
144 1517
144 2335
145 146
145 875
145 1517
145 2105
145 2335
145 2551
146 546
146 1294
146 1517
146 2105
146 2316
146 2335
146 2551
147 1223
147 1322
147 1326
147 1355
147 1468
147 1621
147 2028
148 150
148 449
148 516
148 1040
148 1737
149 150
149 151
149 587
149 934
149 1105
149 1129
149 1737
150 151
150 1047
150 1572
150 1737
151 934
151 1105
151 1129
151 1737
152 169
152 463
152 474
152 560
152 822
152 1458
152 2400
153 188
153 431
153 854
153 1458
153 1869
154 527
154 658
154 904
154 1396
154 1648
154 2260
155 156
155 157
155 411
155 1465
155 1894
155 2344
156 412
156 1465
156 1959
156 2057
156 2344
157 1465
157 1959
157 2057
157 2344
158 343
158 385
158 392
158 635
158 1003
158 1067
159 549
159 813
159 814
159 850
159 2371
159 2452
160 161
160 949
160 1031
160 1224
160 1534
160 1706
160 2078
160 2089
160 2498
161 455
161 482
161 948
161 1031
161 1224
161 1706
162 343
162 392
162 853
162 1004
162 1048
162 1300
162 1305
162 1356
162 2014
163 164
163 711
163 844
163 872
163 1328
164 280
164 386
164 1125
164 1147
165 353
165 355
165 538
165 540
165 541
165 544
165 1339
165 1416
165 1926
165 2007
166 189
166 208
166 619
166 1107
166 1851
166 2123
166 2653
167 169
167 288
167 459
167 636
167 659
167 687
167 729
167 864
167 988
167 1902
167 2519
168 811
168 849
168 991
168 1861
168 2027
168 2596
169 636
169 659
169 664
169 687
169 729
169 864
169 988
169 1132
169 1488
169 1538
169 1722
170 340
170 1393
170 1470
170 1777
170 2064
170 2067
171 172
171 378
171 379
171 662
171 1954
171 2085
171 2305
172 378
172 381
172 2435
173 174
173 175
173 407
173 1157
173 1409
173 1630
173 2039
173 2175
174 175
174 176
174 1409
174 2005
174 2039
174 2149
174 2282
174 2641
175 1157
175 1409
175 2039
175 2175
176 646
176 1409
176 2039
176 2149
177 430
177 787
177 788
177 804
177 899
177 1238
177 1341
177 1520
177 1744
177 1896
177 1911
177 2124
177 2190
178 181
178 335
178 697
178 1098
178 1192
178 1769
178 2418
179 325
179 336
179 555
179 639
179 698
179 1099
180 337
180 386
180 699
180 1100
180 1769
180 2429
181 335
181 338
181 700
181 1098
181 1101
181 1769
181 2418
181 2429
182 339
182 701
182 1102
182 1769
182 2418
182 2429
183 184
183 306
183 982
183 1843
183 1940
183 2276
184 306
184 1667
184 1908
184 2367
185 186
185 807
185 857
185 858
185 859
185 2288
185 2609
186 192
186 839
186 858
186 859
186 897
186 1484
186 2288
186 2609
187 356
187 913
187 1068
187 1463
187 1538
187 1816
187 2589
188 431
188 509
188 511
188 1869
188 2531
189 417
189 548
189 621
189 712
189 765
189 2448
189 2602
190 550
190 608
190 1114
190 1136
190 1745
190 2038
190 2627
191 1117
191 1139
191 1745
191 2038
191 2627
192 613
192 1144
192 2038
192 2627
193 250
193 348
193 372
193 439
193 449
193 516
193 1040
193 1059
193 1185
193 2406
194 199
194 202
194 203
194 252
194 450
194 550
194 872
194 1042
194 1136
194 1274
195 253
195 394
195 409
195 440
195 465
195 551
195 625
195 861
195 863
195 1043
196 201
196 204
196 205
196 349
196 373
196 424
196 441
196 584
196 1045
196 1060
196 1140
196 1210
197 257
197 374
197 442
197 451
197 553
197 585
197 1046
197 1061
197 1141
198 199
198 258
198 350
198 375
198 443
198 520
198 1047
198 1062
198 1448
198 2313
198 2406
199 202
199 205
199 214
199 279
199 1448
199 1699
199 1810
199 2314
199 2406
199 2424
199 2425
200 232
200 376
200 444
200 452
200 565
200 1014
200 1048
200 1064
200 1097
200 1211
200 1275
201 202
201 204
201 373
201 377
201 441
201 1018
201 1448
201 1522
201 2406
202 204
202 377
202 478
202 1580
202 2624
202 2663
203 204
203 205
203 1063
203 1522
203 1992
203 2341
203 2405
204 205
204 373
204 377
204 441
204 1448
204 2406
205 1063
205 1522
206 414
206 1372
206 1478
206 1977
206 2069
206 2577
207 455
207 482
207 1327
207 1444
207 1825
207 1834
207 2011
207 2103
207 2122
208 417
208 504
208 765
208 802
208 1304
208 1330
208 1485
208 1495
208 1754
208 2391
209 210
209 211
209 497
209 871
209 959
209 1439
209 1454
209 1961
210 211
210 212
210 402
210 458
210 462
210 498
210 695
210 950
210 1439
210 1454
210 1501
210 1756
210 1961
211 212
211 1439
211 1454
211 1756
211 1961
212 435
212 479
212 1439
212 1454
212 1756
213 904
213 1575
213 1717
213 2566
213 2592
213 2633
214 215
214 727
214 1903
215 856
215 1161
215 1903
216 220
216 221
216 223
216 225
216 228
216 249
216 650
216 1165
216 1757
217 250
217 468
217 632
217 986
217 1166
218 221
218 222
218 252
218 276
218 614
218 651
218 1167
218 1757
219 227
219 253
219 262
219 652
219 1168
220 254
220 277
220 1169
220 1199
221 255
221 653
221 1170
221 1757
222 256
222 278
222 654
222 1171
222 1210
223 257
223 655
223 744
223 1172
224 258
224 469
224 634
224 953
224 987
224 1173
224 1757
225 259
225 1174
225 1204
226 261
226 656
226 746
226 768
226 1175
227 253
227 262
227 657
227 1176
228 263
228 1177
228 1207
229 466
229 492
229 493
229 505
229 1036
229 1038
229 1126
229 1298
229 2174
229 2338
229 2396
229 2603
230 231
230 384
230 776
230 1583
230 2258
230 2591
231 1324
231 1886
231 2258
231 2363
231 2591
232 376
232 452
232 853
232 1048
232 1305
232 2356
232 2425
233 519
233 574
233 610
233 620
233 660
233 1119
233 1141
233 1202
233 2481
234 387
234 596
234 737
234 758
234 960
234 1279
234 1659
235 236
235 237
235 238
235 388
235 759
235 961
235 2173
236 238
236 389
236 699
236 760
236 963
236 2173
237 238
237 390
237 761
237 964
237 2173
237 2261
238 762
238 965
238 1474
238 2173
239 240
239 420
239 1223
239 1355
239 1428
239 1441
239 1569
239 1633
239 1921
239 2121
239 2222
239 2251
240 756
240 920
240 1355
240 1428
240 1441
240 1633
240 2113
240 2121
240 2222
241 242
241 270
241 495
241 496
241 594
241 2503
242 271
242 496
242 514
242 595
242 1265
242 1295
242 2503
243 1009
243 1025
243 1642
243 1735
243 1951
244 245
244 1474
244 1950
244 1973
244 2044
244 2450
245 1950
245 1973
245 2044
245 2450
246 247
246 623
246 629
246 1113
246 1572
246 1982
247 1602
247 1794
247 1863
247 1987
248 445
248 446
248 734
248 1182
248 1214
248 1256
248 1423
248 1515
248 1524
248 1614
248 1742
248 2637
248 2648
249 251
249 254
249 255
249 259
249 260
249 263
249 393
249 422
249 650
249 710
249 1165
249 1618
249 1849
249 1899
249 1915
249 2220
250 372
250 632
250 966
250 986
250 1166
250 1185
251 252
251 255
251 256
251 1506
251 2439
252 276
252 471
252 550
252 614
252 651
252 872
252 1054
252 1899
252 2220
253 262
253 394
253 465
253 551
253 571
253 572
253 652
253 1055
253 1636
254 277
254 1169
254 2399
255 260
255 653
255 1116
255 1170
255 1899
255 2220
255 2293
255 2592
256 278
256 395
256 552
256 633
256 654
256 968
256 1056
256 1210
257 371
257 396
257 553
257 655
257 1057
257 1172
257 2618
258 260
258 375
258 634
258 970
258 987
258 1062
258 1173
258 1567
258 1899
258 2456
258 2633
259 1142
259 1174
260 263
260 745
260 1614
260 1899
260 2220
261 397
261 656
261 1120
261 1175
262 394
262 467
262 551
262 571
262 572
262 657
262 1636
263 1177
263 1207
263 1435
263 2400
263 2484
264 265
264 266
264 267
264 268
264 1755
264 1943
264 2184
264 2542
265 266
265 267
265 268
265 299
265 2184
266 267
266 268
266 1943
266 2184
266 2410
266 2542
267 268
267 1943
267 2184
267 2265
268 1943
268 2184
268 2446
269 270
269 271
269 495
269 514
269 692
269 1258
269 1784
269 2479
270 271
270 495
270 496
270 594
270 922
270 1259
270 1784
270 1960
271 514
271 526
271 534
271 595
271 771
271 1261
271 1784
272 274
272 275
272 298
272 757
272 887
272 954
272 1619
273 275
273 568
273 757
273 887
273 1274
273 1434
273 2040
273 2092
273 2460
274 275
274 298
274 569
274 1249
274 1711
275 298
275 570
275 757
275 885
275 887
275 889
275 955
275 1434
275 1619
275 1711
275 2092
275 2460
276 279
276 550
276 651
276 1042
276 1054
276 1114
276 1167
276 1197
276 1539
276 1988
277 279
277 1169
277 1199
277 1539
277 1988
278 552
278 1045
278 1056
278 1118
278 1171
278 1201
278 1210
278 1539
278 1988
279 727
279 1212
279 1539
279 1988
280 386
280 1147
280 1529
280 1927
280 2043
280 2135
280 2534
281 408
281 429
281 493
281 862
281 1126
281 1145
281 1519
281 2090
282 284
282 1306
282 2164
282 2263
283 284
283 911
283 959
283 2164
283 2263
284 992
284 2164
284 2263
285 348
285 468
285 691
285 713
285 721
285 723
285 750
285 880
285 884
285 952
285 1052
285 1287
285 2118
286 350
286 469
286 714
286 722
286 751
286 921
286 953
286 1053
286 1366
286 1455
286 1937
286 2055
286 2118
286 2125
287 637
287 677
287 790
287 808
287 873
287 1081
287 1303
287 1369
287 2399
288 459
288 560
288 687
288 729
288 822
288 1910
288 2568
288 2606
289 303
289 419
289 1208
289 1910
289 2267
289 2341
289 2568
289 2606
290 291
290 301
290 561
290 924
290 1016
290 1449
290 1584
290 1814
290 1820
290 2213
291 292
291 301
291 312
291 518
291 924
291 1016
291 1449
291 2213
292 302
292 313
292 521
292 926
292 1019
292 2213
293 575
293 763
293 890
293 1977
293 2191
293 2577
294 295
294 296
294 297
294 484
294 485
294 1878
294 1909
295 296
295 297
295 484
295 485
295 1909
296 297
296 488
296 1550
296 2180
297 484
297 489
297 1550
297 1909
298 569
298 1249
298 1711
299 805
299 1027
299 1253
299 1403
299 1445
299 1922
299 2062
299 2265
299 2374
300 303
300 341
300 616
300 922
300 1259
300 1814
301 302
301 303
301 312
301 518
301 924
301 1016
301 1814
301 1925
301 2355
302 313
302 521
302 926
302 1019
302 1814
303 419
303 1814
304 305
304 306
304 401
304 692
304 1398
304 1908
305 306
305 526
305 748
305 834
305 1908
306 891
306 1856
306 1858
306 1908
306 1928
306 2031
306 2050
306 2070
307 308
307 309
307 310
307 311
307 384
307 399
307 996
308 309
308 310
308 311
308 996
308 997
308 1030
309 310
309 311
309 384
309 1537
309 2056
310 311
310 996
310 1218
311 996
311 2591
312 313
312 924
312 1016
312 1820
312 1941
313 926
313 1019
313 1820
313 1941
314 387
314 588
314 596
314 737
314 792
314 960
314 1151
314 1268
315 319
315 388
315 589
315 738
315 793
315 961
315 1152
315 1917
316 739
316 794
316 865
316 962
316 1133
316 1622
316 1700
316 2426
317 344
317 389
317 590
317 598
317 740
317 795
317 963
317 1153
317 1270
317 1917
317 2474
318 390
318 591
318 599
318 741
318 796
318 964
318 1154
318 1917
318 2474
319 391
319 592
319 742
319 797
319 965
319 1155
319 1728
319 1917
319 2474
320 448
320 523
320 582
320 623
320 766
320 837
320 1291
320 1431
320 1645
320 2205
320 2554
320 2649
321 349
321 395
321 584
321 628
321 851
321 1289
321 1292
321 1645
321 2649
322 347
322 365
322 453
322 525
322 586
322 630
322 746
322 768
322 838
322 1645
322 2227
323 324
323 468
323 986
323 1263
323 2019
324 469
324 921
324 1264
324 1363
324 1675
324 1790
324 1932
324 2019
324 2183
324 2463
325 555
325 639
325 724
326 497
326 911
326 1032
326 1255
326 1509
327 328
327 330
327 331
327 332
327 333
327 1499
327 2235
328 330
328 331
328 332
328 1499
329 333
329 334
329 652
330 331
330 332
330 1499
331 332
331 1499
332 1499
333 656
334 657
335 338
335 697
335 1098
335 1582
335 2417
336 555
336 639
336 698
336 1099
336 1242
337 339
337 386
337 699
337 1100
337 1542
337 1582
337 2318
337 2417
338 339
338 700
338 1101
338 1542
338 1582
338 2318
338 2417
339 701
339 1102
339 1582
339 2417
340 405
340 406
340 891
340 1148
340 1777
340 2064
340 2067
340 2143
340 2319
340 2393
340 2444
340 2475
340 2537
340 2543
340 2546
341 342
341 616
341 748
341 1259
341 1395
341 2098
341 2601
342 749
342 910
342 1261
342 2219
342 2601
343 635
343 1003
343 1067
343 1275
343 1478
343 1907
343 2029
343 2065
343 2373
344 590
344 740
344 815
344 963
344 1134
344 1918
345 346
345 800
345 1540
345 2337
346 494
346 904
346 1540
346 2059
346 2261
346 2337
346 2420
347 525
347 746
347 768
347 838
347 852
347 1290
347 1293
347 2284
348 468
348 750
348 966
348 1287
348 2541
349 843
349 968
349 1289
349 2541
350 469
350 751
350 970
350 2118
350 2127
350 2313
350 2341
350 2541
351 355
351 356
351 893
351 984
351 1395
351 2108
351 2365
351 2443
352 536
352 975
352 995
352 998
352 1158
352 1331
352 1401
352 1436
352 1702
352 1801
352 1934
352 2114
352 2332
352 2497
352 2567
352 2623
352 2645
353 354
353 538
353 544
353 933
353 1750
353 2016
353 2248
354 462
354 539
354 803
354 1068
354 1677
354 1750
354 2016
354 2098
355 356
355 357
355 538
355 544
355 983
355 984
355 985
355 1002
355 1420
355 1836
355 2056
355 2192
355 2476
355 2615
356 357
356 893
356 904
356 972
356 983
356 984
356 985
356 1262
356 1420
356 1538
356 1613
356 1782
356 1836
356 1839
356 1875
356 1895
356 1980
356 2056
356 2108
356 2131
356 2365
356 2370
356 2397
356 2428
356 2443
356 2476
356 2540
356 2615
357 940
357 1613
357 1836
357 2476
357 2615
358 686
358 896
358 1103
358 1146
358 1512
358 2157
359 1559
359 1677
359 1776
359 1817
359 2360
359 2506
359 2531
359 2540
360 361
360 362
360 363
360 1328
360 2148
361 362
361 363
361 1377
361 2148
362 363
362 1329
362 2148
363 1149
363 1834
363 2148
364 585
364 1141
364 1316
364 2227
365 630
365 852
365 1186
365 2227
366 367
366 368
366 369
366 1094
366 1299
367 368
367 369
367 1095
367 1299
368 369
368 423
368 1299
369 417
369 621
369 712
369 765
369 842
369 1304
370 480
370 559
370 820
370 1033
370 1084
371 481
371 553
371 604
371 1035
371 1085
371 1551
371 1955
372 439
372 449
372 516
372 1040
372 1059
373 377
373 424
373 441
373 552
373 1045
373 1060
373 1210
373 1522
374 442
374 451
374 553
374 1046
374 1061
374 1063
374 2271
375 443
375 520
375 1047
375 1062
375 1522
375 1628
375 2271
375 2314
376 444
376 452
376 1014
376 1048
376 1064
376 1211
377 441
377 1060
377 1065
377 1628
377 2271
377 2314
378 379
378 380
378 381
378 662
378 708
378 1954
378 2085
378 2305
379 380
379 381
379 709
379 1954
379 2305
380 1871
380 2305
381 2435
382 383
382 420
382 470
382 663
382 694
382 728
382 772
382 892
382 906
382 1390
382 1593
382 2525
383 420
383 470
383 662
383 663
383 695
383 728
383 772
383 892
383 1996
384 399
384 400
384 427
384 658
384 704
384 874
384 878
384 912
384 1131
384 1345
384 1596
384 1669
384 1730
384 1734
384 1741
384 1822
384 1840
384 1874
384 1957
384 2050
384 2052
384 2212
384 2302
384 2439
384 2473
384 2490
384 2518
384 2522
384 2523
384 2591
384 2592
384 2601
385 565
385 635
385 819
385 888
385 1003
386 699
386 1100
386 1542
386 2417
387 596
387 792
387 960
387 1268
388 391
388 597
388 793
388 1269
388 1508
389 598
389 795
389 963
389 1270
389 1508
390 391
390 599
390 796
390 1271
390 1508
391 600
391 797
391 1272
391 1508
392 661
392 1004
392 1048
392 1300
393 422
393 523
393 582
393 766
393 1184
393 1787
393 1842
393 2115
393 2325
393 2451
394 652
394 1137
394 1288
394 1636
395 424
395 584
395 968
396 585
396 744
396 969
396 1640
396 1787
396 2451
397 425
397 525
397 586
397 746
397 768
397 971
397 1109
397 1186
398 399
398 400
398 434
398 472
398 913
398 941
398 1541
398 1669
398 1816
398 1902
398 1996
398 2428
399 400
399 1541
399 1669
399 1902
400 928
400 1362
400 1669
400 1856
400 1902
400 2022
400 2131
401 438
401 580
401 692
401 748
401 1030
401 1106
401 1130
401 1398
401 2107
401 2134
401 2473
402 403
402 434
402 458
402 472
402 476
402 498
402 622
402 695
402 728
402 1405
402 2295
402 2431
402 2456
403 475
403 1405
403 2295
403 2456
403 2636
404 533
404 603
404 844
404 868
404 872
404 920
404 1835
404 2292
405 406
405 912
405 1330
405 1427
405 1485
405 2242
406 912
406 1330
406 1485
407 820
407 1020
407 1033
407 1104
407 1157
407 2013
407 2247
407 2254
408 493
408 862
408 1022
408 1126
408 1145
408 1831
408 2013
408 2247
409 440
409 551
409 1043
409 1055
409 1115
409 1137
409 1144
410 453
410 1049
410 1120
410 1143
410 1162
411 412
411 1399
411 1675
411 2344
412 1399
412 1675
412 2095
413 428
413 447
413 601
413 696
413 785
413 1243
413 1589
413 2152
413 2225
413 2249
413 2650
413 2660
414 905
414 1372
414 1442
414 2288
414 2643
415 449
415 884
415 936
415 1040
415 1277
415 2144
416 937
416 1047
416 1203
416 1278
416 1482
416 2144
417 504
417 765
417 842
417 1304
417 2391
417 2571
418 419
418 749
418 1030
418 1773
418 2219
419 977
419 1773
420 663
420 892
420 906
420 1535
420 2613
421 473
421 775
421 848
421 1041
421 1687
422 423
422 502
422 582
422 650
422 1135
422 1160
422 1458
422 1494
422 1972
422 2133
422 2257
422 2400
422 2663
423 424
423 855
423 2133
423 2663
424 584
424 628
424 1140
424 2133
424 2257
425 1001
425 1143
425 1162
425 1186
425 2033
425 2257
426 427
426 769
426 770
426 904
426 932
426 933
426 1234
426 1256
426 1750
426 1840
426 1906
426 1933
426 2016
426 2568
427 770
427 904
427 1528
427 2086
427 2518
428 696
428 1243
428 1589
428 2152
429 862
429 1145
429 1149
429 1150
429 1798
429 2483
430 787
430 899
430 1238
430 1386
430 1520
430 1901
430 2080
430 2151
431 432
431 1230
431 1869
431 1921
432 1159
432 1348
432 1512
432 1524
432 1964
432 2155
433 674
433 934
433 1237
433 1528
433 1556
433 1878
433 2034
433 2382
434 435
434 472
434 498
434 622
434 695
434 705
434 906
434 941
434 1816
434 2302
434 2428
434 2566
435 479
435 2114
435 2302
435 2566
436 1477
436 1748
436 1753
436 1799
436 1846
436 1870
436 2097
436 2142
436 2333
436 2358
436 2368
436 2394
436 2395
436 2604
437 593
437 896
437 951
437 1086
437 1146
438 506
438 580
438 1106
438 1130
438 1258
438 1684
438 1713
438 1773
438 1806
439 449
439 1040
439 1059
440 551
440 1043
440 1137
441 1045
441 1060
441 1210
442 451
442 1046
442 1061
442 1063
442 2424
443 1047
443 1062
443 1810
443 2424
444 452
444 1014
444 1048
444 1064
444 1211
445 446
445 976
445 1182
445 1214
445 1256
445 1423
445 1512
445 1742
445 1952
445 1953
445 2157
446 1214
446 1231
446 1256
447 696
447 785
447 929
447 930
447 1243
447 1392
447 1595
447 1668
447 1778
447 1812
447 1989
447 2058
447 2110
447 2140
447 2342
447 2398
447 2527
447 2583
447 2659
448 451
448 454
448 582
448 689
448 1982
448 2036
448 2356
448 2425
448 2496
448 2560
449 936
449 1040
449 1059
450 454
450 550
450 624
450 872
450 1042
450 2356
450 2496
451 1046
451 1061
451 2496
452 661
452 1004
452 1048
452 1097
453 586
453 1049
454 740
454 963
454 1270
454 2496
454 2560
455 482
455 948
455 1031
455 1224
455 1914
455 2008
455 2122
456 676
456 1492
456 1649
456 1673
456 1764
456 1898
456 2000
456 2008
456 2059
456 2064
456 2067
456 2129
456 2200
456 2237
456 2310
456 2337
456 2614
456 2620
456 2654
456 2655
457 681
457 702
457 1797
457 2275
457 2582
458 498
458 728
458 950
458 1418
459 659
459 687
459 823
459 1376
459 1634
459 1809
460 574
460 826
460 1340
460 1570
460 1573
460 1781
461 1359
461 1483
461 1864
461 2044
461 2258
462 539
462 2431
462 2539
463 474
463 560
463 687
463 822
463 823
463 1237
463 1849
464 466
464 505
464 862
464 1035
464 1036
464 2015
464 2338
465 467
465 861
465 863
466 505
466 862
466 1022
466 1036
466 2015
467 572
467 861
467 863
468 632
468 816
468 952
468 986
468 1185
468 1263
468 1543
469 634
469 921
469 953
469 987
469 1264
469 1543
469 1653
469 1999
469 2339
469 2516
470 498
470 500
470 663
470 694
470 695
470 772
470 906
470 907
470 1390
470 1593
470 1707
470 2098
470 2533
471 550
471 568
471 603
471 872
471 1580
472 728
472 1588
472 1688
472 2185
472 2441
473 775
473 848
473 1555
473 1687
474 475
474 478
474 479
474 729
474 1018
475 476
475 478
475 479
475 1405
475 1462
475 1660
475 2160
475 2167
475 2209
475 2295
475 2302
475 2329
475 2456
475 2466
476 478
476 479
476 622
476 694
476 695
476 906
476 950
476 1462
476 2209
476 2329
477 487
477 1380
477 1593
477 1611
477 2436
478 1513
478 1580
479 1660
479 2209
479 2295
479 2329
480 876
480 1033
480 1084
480 1996
481 519
481 604
481 1035
481 1057
481 1085
481 1119
482 791
482 910
482 948
482 1031
482 1224
482 1265
482 1295
482 1327
482 2030
482 2122
483 925
483 1017
483 1021
483 1301
483 1474
483 1796
483 2355
484 485
484 486
484 488
484 489
484 490
484 1998
484 2147
485 488
485 489
485 490
486 490
486 491
486 769
486 770
486 893
486 1234
486 1986
486 2041
486 2108
486 2147
486 2518
486 2605
486 2662
487 488
487 1380
487 1388
487 1611
487 1683
487 2436
488 489
488 2180
489 490
489 1998
489 2147
490 491
490 2147
491 1470
491 2147
491 2332
491 2365
492 493
492 1035
492 1126
492 1400
492 1519
492 2603
493 505
493 862
493 1126
493 1145
493 1298
493 1400
493 1487
493 2174
493 2277
494 2072
494 2261
494 2294
494 2401
494 2632
495 496
495 514
495 692
495 1110
495 2453
495 2479
496 514
496 594
496 1784
496 2453
497 498
497 499
497 500
497 662
497 703
497 871
497 1032
497 1255
497 1513
498 499
498 500
498 622
498 663
498 772
498 1513
499 1390
499 1416
499 1513
500 622
500 663
501 502
501 503
501 1454
501 1494
501 1505
501 1842
501 1972
502 503
502 1285
502 1494
502 1505
502 1972
503 1494
503 1972
503 2650
504 548
504 765
504 842
504 1303
504 1304
504 1495
504 1754
505 854
505 1036
505 1038
505 1126
505 2174
505 2338
506 1429
506 2208
506 2238
506 2464
507 509
507 510
507 511
507 512
507 1217
507 1876
507 2218
507 2587
508 509
508 510
508 511
508 512
508 1218
508 1229
508 1684
509 510
509 511
509 512
509 513
509 1230
509 1340
509 1684
509 1734
509 1920
509 2218
509 2587
510 511
510 512
510 513
510 1231
510 1876
510 1920
510 2218
510 2352
511 512
511 513
511 1022
511 1644
511 1684
511 1876
511 2218
511 2352
511 2531
511 2587
512 1361
512 1684
512 2218
512 2591
513 1226
513 1570
513 1752
513 1760
513 1876
513 1891
513 1920
513 2073
513 2191
513 2419
513 2509
513 2531
513 2558
514 534
514 594
514 595
514 771
514 791
514 860
514 1190
514 2479
515 526
515 1110
515 1111
515 1112
515 1327
515 2084
515 2654
516 632
516 1040
516 1059
517 522
517 923
517 1000
517 1015
517 2166
518 520
518 521
518 562
518 924
518 1016
518 1389
518 2141
519 553
519 1057
519 1119
519 1141
519 1347
519 2381
519 2618
520 522
520 1047
520 1062
520 1397
520 1572
520 2141
520 2658
521 566
521 926
521 1019
522 927
522 1008
522 1011
522 2106
522 2440
522 2482
523 524
523 582
523 710
523 743
523 745
523 747
523 766
523 1743
523 2115
523 2241
523 2284
523 2486
524 743
524 767
524 845
524 967
524 1000
525 586
525 746
525 768
525 971
525 1186
525 1290
525 2115
526 534
526 771
526 1112
526 1190
526 1261
526 1856
527 528
527 529
527 530
527 904
527 2223
527 2340
528 529
528 530
528 2223
529 530
529 1822
529 2223
529 2340
530 904
530 1540
530 2223
530 2340
531 532
531 972
531 2195
532 973
532 1235
533 603
533 711
533 844
533 868
533 872
533 920
533 2559
534 595
534 771
534 860
534 1163
534 1190
535 710
535 715
535 1563
536 537
536 975
536 1637
536 1867
536 2266
536 2548
537 1637
537 2266
537 2548
538 539
538 540
538 541
538 544
538 974
538 1002
538 1339
538 1415
538 1416
538 1926
538 2007
539 540
539 541
539 913
539 1800
539 1816
539 1926
539 2007
539 2100
539 2274
540 541
540 1415
540 1416
540 1847
540 1926
540 2007
541 1339
541 1926
541 2028
542 543
542 1352
542 1770
542 1826
542 1942
543 908
543 1352
543 1875
543 1942
544 874
544 2274
545 546
545 1164
545 1719
545 1808
546 1266
546 1719
546 1808
547 548
547 765
547 1510
547 1661
547 2187
548 621
548 765
548 1304
548 1510
548 1661
548 2187
548 2201
548 2581
549 813
549 814
549 850
549 2371
550 1042
550 1054
550 1136
550 1915
550 1930
551 571
551 1055
551 1137
552 1056
552 1140
552 1210
552 1915
552 1930
553 1046
553 1057
553 1141
553 1915
553 1930
554 565
554 611
554 1003
554 1058
554 1211
555 639
556 557
556 558
556 947
556 1692
556 2281
557 558
557 1667
557 1692
557 2281
558 1302
558 1692
558 1775
558 2281
559 562
559 566
559 820
559 1020
559 1033
559 1084
559 1829
560 822
560 1018
560 2359
561 562
561 563
561 564
561 1389
561 1603
561 1829
561 2141
561 2359
562 566
562 1016
562 1925
563 564
563 925
563 1017
563 1021
563 1603
563 1829
563 2359
564 1026
564 1029
564 1663
564 1829
564 2359
564 2526
565 611
565 1003
566 926
566 1019
566 1603
567 1030
567 1295
567 1362
567 1586
567 2136
568 570
568 955
568 1274
568 2179
569 570
569 954
569 1249
569 1938
569 2081
570 757
570 781
570 854
570 883
570 954
570 955
570 956
570 957
570 1619
570 1938
570 2179
571 572
571 1115
572 839
572 1121
573 958
573 1029
573 1418
573 2240
574 1002
574 1644
574 1658
574 1982
575 577
575 578
575 579
575 763
575 890
575 1732
575 1967
575 2004
575 2178
575 2421
575 2564
576 578
576 639
576 645
576 1066
576 1232
576 2262
577 578
577 579
577 763
577 890
577 1233
577 1967
577 2178
577 2564
578 579
578 1356
578 1732
578 1967
578 2004
578 2176
578 2178
578 2564
579 1732
579 1967
579 2004
579 2178
579 2564
580 692
580 1130
580 1713
580 2293
581 707
581 784
581 870
581 929
582 583
582 766
582 1291
582 1559
582 1640
582 1787
582 1842
582 2093
582 2229
582 2325
582 2451
583 820
583 999
583 1559
583 2229
584 851
584 968
584 1292
584 1559
585 744
585 969
585 1640
585 1842
586 746
586 768
586 838
586 852
586 971
586 1001
586 1109
586 1293
586 2033
587 1129
587 1783
587 2060
587 2499
588 596
588 737
588 792
588 960
588 1268
589 738
589 793
589 961
589 1269
589 1728
590 598
590 740
590 795
590 963
590 1270
591 599
591 741
591 796
591 964
591 1271
591 1728
591 2474
592 742
592 797
592 965
592 1272
592 1728
592 1917
592 2474
593 605
593 879
593 951
593 1086
593 1146
593 1800
594 595
594 771
594 2479
594 2538
595 771
595 791
595 860
595 910
595 1190
595 2479
596 737
596 792
596 1151
596 1268
596 1516
597 600
597 793
597 1152
597 1269
597 1410
597 1516
597 2280
598 795
598 1153
598 1270
598 2280
599 796
599 1154
599 1271
599 1516
599 2280
600 797
600 1155
600 1272
600 1410
600 1508
600 1516
600 1560
600 2280
601 602
601 1337
601 1507
601 1568
601 1621
601 2386
601 2472
602 1337
602 1507
602 1621
602 2386
603 604
603 711
603 844
603 872
603 920
603 1412
603 1569
603 1939
604 846
604 1412
604 1569
604 1939
605 686
605 1103
605 1146
605 2274
606 607
606 731
606 898
606 1023
606 1470
606 2553
607 787
607 804
607 899
607 1024
607 1470
607 1725
607 2553
608 609
608 610
608 611
608 1136
608 1403
608 1574
608 1780
608 2593
609 610
609 1140
609 1403
609 2593
610 1141
610 1403
610 1574
610 1780
610 2593
611 1403
611 1780
611 2593
612 613
612 1001
612 1143
612 2033
613 1144
614 615
614 2505
615 1688
615 2288
615 2505
616 922
616 1163
616 1922
616 2062
617 618
617 731
617 732
617 2217
617 2469
617 2607
618 732
618 733
618 1561
618 2217
618 2469
618 2607
619 802
619 1107
619 1330
619 1669
619 2584
619 2643
620 1316
620 1419
620 1532
620 1931
620 1984
620 2481
621 712
621 765
621 2259
621 2283
621 2487
622 694
622 695
622 906
622 950
622 1462
622 2167
622 2466
623 626
623 627
623 629
623 710
623 1184
623 1794
623 1987
624 626
624 628
624 1136
624 1987
625 631
625 1043
625 1137
626 629
626 1138
626 1987
627 629
627 1139
627 1987
628 1140
629 1431
629 1987
630 1109
630 1143
630 1186
630 2033
630 2227
631 1121
631 1137
631 1144
632 816
632 1040
633 654
633 764
633 1210
633 1985
633 2387
634 818
634 1047
634 1618
634 1985
634 2387
634 2629
635 819
635 888
635 1003
635 1067
635 1211
636 638
636 664
636 777
636 864
636 988
636 1080
636 1093
636 1647
636 1997
636 2362
637 638
637 640
637 643
637 790
637 808
637 873
637 1081
637 1359
637 1647
637 1766
637 1997
638 837
638 864
638 1082
638 1161
638 1359
638 1647
638 1766
638 1997
639 645
639 648
639 698
639 724
639 1066
639 1099
639 1181
639 1232
639 1242
639 2205
639 2298
640 1083
640 1097
640 1250
640 1907
641 658
641 1284
641 1581
641 1840
641 2661
642 786
642 1037
642 1286
642 1391
642 1646
643 644
643 1081
643 1866
643 2130
643 2403
644 1180
644 1241
644 1866
644 2130
644 2194
644 2403
645 648
645 1181
645 1232
645 1242
646 835
646 1612
646 2216
647 836
647 911
647 1612
647 1962
647 2216
648 1181
648 1232
648 1242
649 685
649 882
649 1257
649 1377
649 2003
649 2186
649 2413
649 2446
650 1113
650 1135
650 1165
650 1195
650 1459
650 2010
651 1042
651 1114
651 1136
651 1167
651 1197
651 1459
651 1672
652 657
652 1043
652 1115
652 1137
652 1168
652 1176
652 1198
653 1116
653 1138
653 1170
653 1200
653 1459
654 1118
654 1140
654 1171
654 1201
654 1210
655 1119
655 1141
655 1172
655 1202
655 1459
655 2381
656 1049
656 1120
656 1143
656 1175
656 1205
657 1121
657 1144
657 1168
657 1176
657 1206
658 659
658 972
658 974
658 1581
658 1669
658 1717
658 1730
658 1741
658 1822
658 1840
658 1976
658 1977
658 2056
658 2131
658 2260
658 2375
658 2478
658 2515
658 2561
658 2577
659 729
659 823
659 1124
659 1193
660 1119
660 1172
660 1202
661 1004
662 663
662 1626
662 2085
662 2452
663 694
663 728
663 892
663 1996
663 2452
663 2636
664 777
664 864
664 1080
664 1609
664 1792
664 2362
664 2412
664 2501
665 666
665 668
665 669
665 1826
665 2310
666 667
666 669
666 711
666 844
666 1414
666 1826
666 2599
667 668
667 669
667 1414
667 1826
667 2599
668 669
668 846
668 1414
668 1826
668 2599
669 1414
669 1826
670 671
670 672
670 673
670 1694
670 1718
671 672
671 1123
671 1192
671 1718
672 1073
672 1124
672 1193
672 1694
672 1718
673 801
673 1075
673 1125
673 1194
673 1694
673 1718
674 700
674 1237
674 1852
674 2034
675 676
675 1591
675 2069
675 2586
675 2646
676 709
676 1913
676 2586
676 2646
677 1590
677 1863
677 2641
678 1306
678 1613
678 1729
678 1895
679 915
679 918
679 1802
679 1841
679 2197
679 2402
680 686
680 931
680 1183
680 1215
680 1501
680 1531
680 1552
680 2106
680 2509
681 1797
681 2219
681 2275
681 2582
682 683
682 684
682 1005
682 1447
682 1457
682 1476
682 2198
683 684
683 1005
683 1369
683 2198
683 2385
684 1005
684 1795
684 2475
685 882
685 1377
685 1649
685 1819
685 2019
685 2655
686 896
686 1146
686 1183
686 2285
687 823
687 856
687 2126
687 2638
688 689
688 690
688 1843
688 1956
688 2036
688 2346
688 2520
689 690
689 1451
689 1956
689 2036
689 2042
689 2241
689 2272
690 938
690 1213
690 1252
690 1276
690 1956
690 2036
691 713
691 750
691 884
691 1052
691 1277
691 1426
691 1958
691 2006
692 693
692 1887
692 1960
693 1784
693 1887
693 1960
693 2267
693 2653
694 728
694 892
694 2160
695 906
695 950
695 1462
695 1660
695 1729
695 2167
695 2466
696 785
696 1243
696 1668
696 1812
696 2058
696 2110
696 2249
696 2527
696 2659
697 700
697 1098
697 1353
698 724
698 1099
698 1232
699 1100
699 1353
700 701
700 1101
700 1353
700 2034
701 1102
701 1353
702 703
702 704
702 705
702 706
702 1420
702 1643
702 1714
702 1738
702 1859
702 2108
702 2323
702 2459
702 2545
703 704
703 705
703 871
703 1032
704 705
704 706
704 1643
704 2323
704 2459
704 2545
705 706
705 1643
705 2323
706 1643
706 2323
707 784
707 870
707 929
707 2656
708 709
708 1492
708 1577
708 1747
708 2085
709 1577
709 1735
709 2129
709 2215
710 711
710 1131
710 1847
710 2203
710 2595
710 2617
711 872
711 1328
711 1596
711 2595
711 2617
712 765
712 2259
712 2283
712 2487
713 880
713 884
713 952
713 1277
713 1828
714 921
714 953
714 1278
714 1828
715 716
715 717
715 718
715 2290
715 2529
716 717
716 718
716 875
716 2290
716 2529
717 718
717 876
717 2290
717 2529
717 2645
718 2290
718 2529
719 720
719 900
719 1358
719 2190
719 2286
720 900
720 1358
720 1638
720 1794
721 722
721 880
721 1185
721 1263
721 1408
721 2044
722 1264
722 1408
722 2044
723 880
723 884
723 952
723 1287
723 1455
723 1937
724 1232
724 2205
725 726
725 1527
725 1689
725 1693
725 1697
725 2020
725 2053
725 2264
725 2478
726 1527
726 1689
726 1693
726 1697
726 2020
726 2053
726 2264
726 2478
727 815
727 1731
727 2579
728 892
728 1626
728 1638
728 1996
728 2331
728 2364
728 2598
728 2636
729 730
729 1383
729 2139
730 1383
730 1663
730 2139
730 2507
731 732
731 733
731 778
731 898
731 1127
731 1561
732 733
732 779
732 900
732 1561
732 2217
732 2469
733 1561
733 1947
733 2217
733 2469
733 2607
734 773
734 875
734 1515
734 1614
734 1922
734 2637
735 736
735 904
735 1540
735 1649
736 886
736 1471
736 1540
736 1655
737 960
737 1151
737 1893
738 742
738 961
738 1152
738 2419
739 794
739 865
739 962
739 1133
739 1622
739 1700
739 2426
740 963
740 1134
740 1153
740 1893
740 2419
741 742
741 964
741 1154
741 1893
741 2419
742 965
742 1893
742 2419
742 2493
743 747
743 767
743 967
743 1000
744 969
744 1640
744 1743
744 2308
745 747
745 766
745 1431
745 1743
745 2115
745 2241
745 2486
746 768
746 971
746 1290
747 2241
747 2385
748 749
748 1030
748 1106
748 1108
748 1395
748 1398
748 1526
748 1773
748 2052
748 2177
749 910
749 1030
749 1106
749 1254
749 1327
750 884
750 1052
750 1763
751 921
751 1053
751 1763
751 1912
751 2118
752 753
752 754
752 755
752 881
752 1359
752 1514
752 2279
752 2355
753 754
753 755
753 845
753 2279
754 755
754 802
754 809
754 1107
754 1323
754 1330
754 1514
754 2279
755 1359
755 1514
755 2279
755 2446
756 1418
756 1848
756 2240
757 781
757 885
757 887
757 889
757 955
757 1434
757 1619
757 2346
758 960
758 1279
758 1659
758 1676
758 1705
759 760
759 762
759 1280
759 1592
759 1599
760 762
760 1281
760 1599
760 1705
761 762
761 1282
761 1592
761 1599
761 1705
762 1283
762 1592
762 1599
762 1705
763 890
763 1453
763 1469
763 1521
763 1977
763 2083
763 2176
763 2233
764 1045
764 1469
765 1304
765 1661
765 1671
765 1873
765 2187
765 2201
765 2578
765 2581
766 767
766 1291
766 1743
766 2115
766 2241
766 2284
766 2486
767 967
767 1000
767 2486
768 838
768 971
768 1290
769 770
769 904
769 2518
770 904
770 1906
770 2518
771 860
771 1190
772 906
772 1390
772 1593
772 2533
773 774
773 1532
773 2182
773 2350
773 2625
774 1931
774 2154
774 2182
774 2625
775 848
775 1687
775 1785
776 1214
776 1215
776 1324
776 1742
777 864
777 1080
777 1724
778 779
778 1127
778 1128
778 1804
778 1855
779 1127
779 1128
779 1804
779 1855
780 867
780 1335
780 1342
780 1406
780 2025
780 2165
780 2246
780 2438
781 854
781 883
781 954
781 955
781 956
781 957
781 1236
781 1407
781 1497
781 1945
782 783
782 1307
782 1779
782 2208
782 2345
782 2415
783 1308
783 1321
783 1779
783 2415
784 870
784 929
784 1568
784 2472
784 2656
785 1243
785 1778
785 1812
785 1989
785 2058
785 2110
785 2140
785 2225
785 2343
785 2521
785 2527
785 2660
786 1286
786 1558
786 1585
786 2002
787 788
787 789
787 804
787 899
787 2199
787 2642
788 804
788 2199
788 2642
789 804
789 805
789 2190
789 2642
790 808
790 873
790 1081
791 910
791 1327
791 1373
791 1674
791 1758
792 1151
792 1268
793 797
793 1152
793 1269
793 1410
793 1560
794 962
794 1133
794 2426
795 1153
795 1270
795 1560
796 1154
796 1271
796 1410
796 1560
797 1155
797 1272
797 1410
797 1516
797 1560
797 2280
798 799
798 800
798 801
798 1430
798 1540
799 800
799 801
799 1073
799 1161
799 1430
800 801
800 1430
801 1125
801 1194
801 1430
802 809
802 1330
802 1369
803 1387
803 1677
803 1679
803 1800
803 2489
804 805
804 899
804 2098
804 2199
804 2642
805 1027
805 2098
805 2190
806 808
806 809
806 978
806 1378
806 2189
806 2330
807 810
807 1484
808 809
808 873
808 1378
808 2189
808 2330
809 1378
809 2189
809 2330
810 839
810 1484
811 812
811 991
811 2204
811 2371
812 1868
812 2204
812 2371
812 2390
812 2544
813 814
813 850
813 2371
813 2452
814 850
814 2204
814 2371
815 826
815 1195
815 1918
815 2350
816 817
816 818
816 1185
816 2334
817 818
817 822
817 988
817 1161
817 2334
818 819
818 2334
819 1275
819 2334
820 821
820 999
820 1007
820 1020
820 1104
821 822
821 1829
821 1891
821 1903
821 1934
822 934
822 1105
822 1129
823 826
824 826
824 827
824 828
824 829
824 831
824 832
824 1604
825 826
825 831
825 832
825 1017
825 1567
825 1604
825 2303
826 827
826 828
826 829
826 830
826 831
826 832
826 833
826 1567
826 1604
826 1688
826 1918
826 1964
826 2185
826 2303
826 2648
827 831
827 832
827 1604
828 831
828 938
828 1567
828 1604
829 830
829 831
829 832
829 1604
830 831
830 832
830 833
830 1613
830 1844
830 2436
831 832
831 833
831 1555
831 1567
831 1604
831 1918
831 2303
831 2648
832 1604
832 2303
833 1567
833 1844
833 1918
834 1858
834 1908
834 1928
834 2031
834 2050
834 2070
834 2076
834 2623
835 836
835 958
835 1698
835 2102
835 2109
835 2392
836 959
836 1698
836 2102
836 2109
836 2392
837 947
837 1096
837 2554
838 1293
838 2554
839 858
839 859
839 1929
839 2077
840 841
840 993
840 2116
840 2351
840 2507
841 1466
841 1746
841 2037
841 2054
841 2071
841 2116
841 2138
841 2145
841 2351
841 2507
842 1304
842 1417
842 2421
842 2556
843 1045
843 1315
843 1713
843 1715
844 845
844 846
844 847
844 872
844 2119
845 847
845 2119
846 847
846 1329
846 2119
847 1150
847 1412
847 1585
847 2119
848 1687
848 1785
848 2439
849 850
849 991
849 1545
849 2027
849 2072
849 2401
849 2596
850 1545
850 2072
850 2452
851 1292
851 1315
851 1451
852 1293
852 1451
852 2227
853 1004
853 1083
853 1250
853 1300
853 1473
853 2485
854 883
854 955
854 1236
854 1394
854 1664
854 2619
855 856
855 946
855 1968
855 2104
855 2128
855 2267
855 2638
856 2104
856 2128
856 2267
857 858
857 859
857 897
857 1422
857 2557
858 859
858 897
859 897
860 1163
860 1190
861 863
861 1043
862 863
862 1036
862 1126
862 1145
862 1298
862 1452
862 1519
862 2311
864 988
864 1080
864 1082
864 1359
864 1889
864 2362
865 962
865 1133
866 963
866 1147
866 2094
866 2235
866 2535
867 913
867 1591
867 1659
867 2349
867 2437
868 869
868 920
868 1443
868 2207
868 2651
869 1329
869 1443
869 2207
869 2651
870 929
870 2656
871 930
871 2041
871 2431
872 1042
872 1274
872 2313
873 1723
873 1962
873 2216
873 2231
874 1669
874 1840
874 2052
874 2258
874 2407
874 2491
874 2522
874 2576
875 876
875 877
875 878
875 1013
875 2494
876 877
876 878
876 993
876 1012
876 1885
876 2022
876 2361
876 2494
877 878
877 1013
877 1234
877 1391
877 1996
877 2494
877 2662
878 1298
878 1916
879 1086
879 1146
879 1489
879 1496
880 884
880 952
880 1052
880 1287
880 1366
881 2118
881 2355
881 2444
881 2475
882 1257
882 1354
882 1377
882 1408
882 1654
882 2044
882 2269
882 2393
883 955
883 1028
883 1236
883 1394
883 1424
883 1664
883 2575
883 2619
884 936
884 952
884 1052
884 1263
884 1277
884 1426
884 1828
884 1958
885 886
885 887
885 889
885 1578
885 1711
885 1979
885 2040
885 2092
885 2179
885 2346
885 2460
886 887
886 1578
886 2040
886 2092
887 954
887 1578
887 2040
888 1250
888 1275
889 1162
889 2033
890 1233
890 1453
890 1469
890 1521
890 2083
890 2176
890 2233
890 2421
891 905
891 1156
891 1464
891 1884
891 2021
891 2030
891 2503
892 2613
892 2636
893 904
893 2108
894 895
894 981
894 1364
894 1968
894 2032
895 981
895 1364
895 1968
895 2032
895 2193
895 2206
895 2226
896 1146
896 1375
896 2117
897 1320
898 899
898 900
898 901
898 902
898 903
898 1023
898 2286
898 2472
899 900
899 901
899 902
899 903
899 1024
899 1238
899 2286
900 901
900 902
900 903
900 2041
900 2147
900 2286
901 903
901 1025
901 2286
902 903
902 2286
903 2286
904 972
904 1050
904 1396
904 1471
904 1540
904 1725
904 1978
904 2108
904 2131
904 2260
904 2307
904 2337
904 2420
904 2454
904 2515
904 2540
904 2592
904 2632
904 2633
904 2639
905 1156
905 1503
905 1620
905 1775
905 1805
905 1995
905 2136
905 2252
905 2471
905 2617
905 2628
905 2643
906 907
906 2533
907 1390
907 1593
907 2160
907 2525
907 2533
908 1336
908 1399
908 1776
908 1910
908 2169
908 2291
909 2470
909 2524
910 1327
910 1373
911 912
911 913
911 959
911 1159
912 913
912 1131
912 1216
912 1404
912 1477
912 1479
912 1586
912 1723
912 1765
912 2012
912 2046
912 2100
912 2143
912 2212
912 2243
912 2444
912 2475
912 2537
912 2570
913 1535
913 2100
914 915
914 916
914 918
914 919
914 1802
915 916
915 917
915 918
915 919
915 1361
915 1617
915 1802
915 1841
915 2197
915 2402
916 917
916 918
916 919
916 1617
916 1802
917 918
917 919
917 1617
917 1802
918 919
918 1802
919 1802
920 1468
920 2113
920 2222
921 1264
921 1767
922 923
922 1259
922 2267
923 927
923 1015
923 2166
924 1016
924 1347
924 1598
924 1925
924 2047
925 1017
925 1021
925 1347
925 1598
925 2047
926 1019
926 1598
927 1347
927 1598
927 2047
927 2106
928 1493
928 1602
928 1701
928 1771
928 2512
928 2588
929 2656
930 1877
930 2041
930 2110
930 2342
930 2398
930 2431
930 2583
931 1183
931 1215
931 1423
931 1501
931 1742
931 2155
932 933
932 1750
932 1966
932 2113
933 1750
933 2016
934 935
934 1093
934 1105
934 1129
935 1794
935 1987
935 2005
935 2149
935 2236
936 1040
936 1277
936 1368
936 2524
937 1047
937 1278
937 1368
937 2014
937 2470
937 2524
938 1252
938 1276
938 2045
938 2404
938 2467
939 997
939 1030
939 1208
939 1254
939 1255
939 1597
939 1734
939 2428
940 1613
940 1818
940 2074
940 2082
941 942
941 943
941 944
941 1486
941 1549
941 1821
941 2616
942 943
942 944
942 1549
942 1771
942 1821
942 2616
943 1549
943 1821
943 2616
944 1549
944 1701
944 1821
945 946
945 947
945 1690
945 2500
945 2630
946 947
946 1690
946 2500
946 2630
947 1690
947 2500
947 2630
948 1031
948 1224
948 1673
948 2498
949 1534
949 1673
949 1706
949 1914
949 2078
949 2089
949 2237
949 2434
949 2498
949 2562
950 1454
951 1086
951 2087
952 986
952 1196
952 1263
952 1287
952 1905
952 1944
953 987
953 1203
953 1264
953 1905
953 1944
954 955
954 1491
954 1691
955 956
955 957
955 1236
955 1433
955 1491
955 1691
956 957
956 1619
957 1691
958 959
958 1029
960 1151
960 1504
961 965
961 1152
962 1133
962 1622
962 1700
962 2426
963 1134
963 1153
964 1154
964 1504
964 1971
965 1155
965 1504
965 1971
965 2579
966 1059
966 1185
966 1384
966 2315
967 1000
967 1384
968 1060
968 1289
968 1384
969 1061
969 1384
969 1456
969 1640
969 2308
969 2315
970 1062
970 1384
970 1456
970 2308
970 2315
970 2451
972 973
972 974
972 1372
972 1537
972 1563
972 1581
972 1730
972 1741
972 1822
972 1976
972 2027
972 2076
972 2131
972 2375
972 2473
972 2522
973 1235
973 2076
974 1976
974 2027
974 2076
975 976
975 977
975 995
975 998
975 1158
976 977
976 1325
976 1781
977 997
977 1964
977 2218
978 979
978 980
978 1518
978 1765
978 2270
979 980
979 1765
979 2270
980 1765
980 2270
980 2608
981 1364
981 1968
981 2032
981 2162
981 2226
982 1364
982 1940
982 1968
982 2276
983 984
983 985
983 1875
983 2404
984 985
984 1875
984 2072
985 1836
986 1263
986 2561
987 1264
987 2561
988 1556
988 1735
988 2088
988 2129
989 990
989 1500
989 1678
989 1789
989 2514
990 1500
990 1678
990 1789
990 2514
991 1861
991 2027
991 2596
992 993
992 994
992 1734
992 2051
992 2072
992 2491
993 994
993 1012
993 1266
993 1294
993 1331
993 1483
993 1885
993 2361
993 2369
993 2491
993 2572
994 2181
994 2294
994 2491
995 998
995 1331
995 1702
995 1801
995 1885
995 2332
995 2645
996 997
997 1395
997 2056
997 2370
998 1331
998 1401
998 1436
998 1702
998 1801
998 2497
998 2567
998 2645
999 1020
999 1104
999 2462
999 2574
1000 1015
1000 2166
1000 2462
1000 2574
1001 1143
1001 1205
1001 1290
1001 2033
1001 2462
1001 2574
1002 2188
1002 2192
1002 2509
1002 2634
1002 2661
1003 1058
1003 1067
1003 1211
1004 1048
1004 1837
1004 1862
1005 1369
1005 1823
1005 1927
1005 2168
1005 2198
1005 2272
1006 1007
1006 1008
1006 1009
1006 1010
1006 1011
1006 1446
1006 1655
1006 2111
1006 2180
1006 2215
1006 2299
1007 1020
1007 1446
1007 2299
1007 2586
1008 1009
1008 1011
1008 1446
1008 2299
1008 2440
1009 1010
1009 1011
1009 2299
1009 2634
1010 1446
1010 2299
1010 2313
1011 1446
1011 2299
1011 2440
1012 1013
1012 1266
1012 1662
1012 2251
1013 1355
1013 2251
1014 1064
1014 1097
1014 2341
1015 1018
1015 2166
1016 1584
1017 1018
1017 1021
1017 1449
1017 1584
1018 1584
1019 1584
1020 1104
1021 1022
1021 1501
1021 1547
1021 2445
1022 1501
1022 1547
1022 2117
1022 2293
1023 1024
1023 1027
1023 1947
1023 2565
1024 1025
1024 1026
1024 1027
1024 1725
1024 1947
1024 2565
1024 2639
1025 1027
1025 1947
1025 2565
1025 2633
1025 2634
1026 1029
1026 1648
1026 1663
1026 1680
1026 1947
1026 2526
1027 1253
1027 1761
1027 1947
1027 2565
1028 1034
1028 1664
1028 2276
1028 2619
1029 1648
1029 1680
1030 1261
1031 1224
1031 2498
1032 1255
1033 1038
1033 1039
1033 1740
1033 1879
1034 1036
1034 1038
1034 1039
1034 1740
1035 1036
1035 1039
1035 1879
1036 1038
1036 1039
1036 1740
1036 2015
1037 1039
1037 1646
1037 1740
1037 1879
1038 1039
1038 1740
1038 2015
1038 2174
1039 1740
1039 1879
1039 2077
1039 2172
1039 2610
1040 1041
1040 1059
1040 1166
1040 1196
1041 1044
1041 1046
1041 1381
1041 1881
1042 1114
1042 1881
1042 2137
1042 2644
1043 1115
1044 1117
1044 1139
1044 1209
1044 1381
1044 1533
1044 1881
1045 1060
1045 1210
1046 1061
1046 1202
1046 1381
1046 1696
1046 1881
1047 1062
1047 1173
1047 1203
1047 1381
1047 1533
1047 1696
1047 1881
1047 2137
1047 2313
1047 2644
1048 1064
1048 1211
1048 1696
1049 1120
1049 2033
1050 1051
1050 1391
1050 1396
1050 1625
1050 2454
1050 2639
1051 2445
1051 2454
1051 2552
1051 2639
1052 1768
1052 1912
1052 2631
1052 2635
1053 1426
1053 1768
1053 1912
1053 1958
1053 2631
1053 2635
1054 1114
1054 1136
1055 1115
1055 1137
1056 1118
1056 1210
1057 1119
1057 1141
1058 1211
1060 1063
1060 1210
1061 1063
1062 1065
1062 1992
1063 1992
1063 2405
1064 1211
1065 1628
1065 1699
1065 1810
1065 1992
1065 2049
1065 2271
1065 2314
1065 2424
1066 1232
1066 2298
1068 1463
1068 1550
1068 2250
1069 1461
1069 1490
1069 2144
1069 2149
1069 2646
1070 1072
1070 1073
1070 1074
1070 1076
1070 1077
1070 1078
1070 1079
1070 1721
1070 2657
1071 1073
1071 1122
1071 1191
1071 1969
1072 1073
1072 1074
1072 1075
1072 1076
1072 1077
1072 1079
1072 1721
1072 2657
1073 1076
1073 1078
1073 1079
1073 1721
1074 1075
1074 1076
1074 1079
1075 1076
1075 1078
1075 1079
1075 2657
1076 1077
1076 1078
1076 1079
1076 1721
1076 2657
1077 1079
1077 2657
1078 2657
1080 1082
1080 1605
1080 1632
1080 2590
1081 1083
1081 1359
1081 1605
1081 1632
1081 2590
1082 1359
1082 1605
1082 1632
1082 2590
1083 1250
1083 1632
1084 1085
1084 1104
1084 1551
1084 1955
1085 1551
1085 1955
1086 1146
1086 2010
1086 2196
1087 1088
1087 1089
1087 1090
1087 1091
1087 1092
1088 1089
1088 1090
1088 1091
1088 1092
1089 1090
1089 1091
1089 1092
1089 1981
1090 1091
1090 1092
1090 1981
1091 1092
1091 1981
1092 1981
1093 1094
1093 1095
1093 1096
1093 1564
1094 1095
1094 1096
1094 1097
1094 1564
1094 2125
1094 2216
1095 1096
1095 1564
1096 1500
1096 1564
1097 1763
1098 1101
1098 1936
1099 2298
1100 1102
1100 1936
1101 1102
1101 1936
1102 1936
1103 1146
1103 2243
1103 2570
1104 1389
1104 1982
1105 1129
1105 1389
1106 1108
1106 1130
1106 1654
1106 2177
1106 2347
1107 1108
1107 2347
1107 2576
1108 2177
1108 2347
1109 1143
1109 1186
1109 2228
1109 2236
1109 2369
1110 1111
1110 1112
1110 2408
1111 1112
1111 2084
1111 2408
1111 2654
1112 1327
1112 2084
1112 2408
1113 1117
1113 1135
1113 1165
1113 1195
1113 1982
1113 2045
1113 2317
1113 2414
1114 1136
1114 1167
1114 1197
1114 1670
1114 2414
1115 1121
1115 1137
1115 1168
1115 1198
1116 1138
1116 1170
1116 1200
1116 1334
1116 2317
1116 2414
1117 1139
1117 1209
1117 2317
1117 2414
1118 1140
1118 1171
1118 1201
1119 1141
1119 1172
1119 1202
1119 2317
1120 1143
1120 1175
1120 1205
1121 1144
1121 1176
1121 1206
1122 1191
1122 1380
1122 1710
1122 1969
1123 1124
1123 1192
1123 1888
1123 2361
1124 1193
1124 2361
1124 2608
1125 1194
1125 1396
1125 2361
1126 1145
1126 1400
1126 1487
1126 1519
1126 2277
1126 2389
1127 1128
1127 1804
1127 1855
1128 1804
1128 1855
1129 1794
1130 1131
1130 1132
1130 1159
1130 1393
1130 1398
1130 1411
1130 1518
1130 1647
1130 1654
1130 1713
1130 2177
1130 2212
1130 2243
1131 1132
1131 2212
1132 2338
1132 2608
1134 1153
1134 2350
1134 2481
1135 1138
1135 1139
1135 1142
1135 1982
1135 2257
1136 1274
1137 1144
1137 1636
1138 2293
1139 1209
1141 2381
1141 2618
1142 1174
1142 1204
1143 1162
1143 1531
1143 2033
1144 1636
1145 1460
1145 1576
1145 1798
1145 1850
1145 2483
1146 1800
1147 1270
1147 1281
1147 1615
1147 2362
1147 2455
1148 1600
1148 1681
1148 1854
1148 2537
1149 1150
1149 1553
1149 1639
1149 2511
1150 1223
1150 1298
1150 1412
1150 1511
1150 1639
1150 1662
1150 2222
1151 1268
1151 1402
1152 1155
1152 1402
1153 1270
1153 1402
1154 1155
1154 1402
1155 1402
1156 1464
1156 1620
1156 1775
1156 1995
1156 2021
1156 2136
1156 2153
1156 2252
1156 2628
1157 2005
1157 2149
1157 2175
1157 2282
1158 1728
1158 2645
1158 2648
1159 2061
1159 2076
1159 2212
1159 2215
1159 2647
1159 2653
1160 1161
1160 1162
1160 1379
1160 1872
1160 2334
1160 2589
1161 1379
1161 1872
1161 2589
1162 1186
1162 1379
1162 1853
1162 2033
1163 1215
1163 1265
1163 1552
1164 2105
1164 2335
1165 1170
1165 1174
1165 1177
1165 1195
1165 1459
1166 1196
1167 1197
1168 1176
1168 1198
1168 1206
1169 1199
1169 1863
1170 1200
1171 1201
1172 1202
1173 1203
1173 1567
1174 1204
1175 1205
1176 1198
1176 1206
1177 1207
1177 2484
1178 1179
1178 1180
1178 1240
1178 2432
1179 1180
1179 1241
1179 1623
1179 1807
1179 1813
1179 2239
1179 2372
1179 2432
1180 1241
1180 1623
1180 1813
1180 2239
1180 2432
1181 1232
1181 1242
1182 1183
1182 1214
1182 1256
1182 1297
1182 1709
1182 1791
1182 1952
1183 1215
1183 1791
1183 1952
1184 1185
1184 1186
1184 2001
1184 2228
1185 2001
1186 1853
1186 2001
1187 1188
1187 1189
1187 1190
1187 1445
1187 1856
1187 1923
1187 2048
1187 2306
1187 2348
1187 2453
1188 1189
1188 1190
1188 1445
1188 1923
1189 1190
1189 1445
1189 1923
1189 2306
1191 1380
1191 1710
1191 1969
1192 1396
1192 1888
1192 2361
1193 1194
1193 1396
1193 1538
1193 2608
1194 1396
1195 1199
1195 1200
1195 1204
1195 1207
1195 1360
1195 1982
1195 2552
1195 2585
1197 2585
1198 1206
1198 1288
1199 1360
1199 1863
1199 2585
1200 1360
1200 1731
1200 2585
1203 1360
1203 2585
1204 2552
1208 1254
1208 1255
1208 1258
1208 1597
1208 1682
1208 1734
1209 1212
1209 1935
1209 2049
1210 1212
1210 2049
1211 2049
1212 1618
1212 1670
1212 1935
1212 1992
1212 2045
1212 2049
1212 2467
1213 1252
1213 1276
1213 2042
1214 1215
1214 1256
1214 1531
1214 1709
1214 1791
1214 1952
1214 2106
1214 2285
1214 2289
1215 1552
1216 1267
1216 1479
1216 1629
1216 2153
1216 2475
1217 1218
1217 1219
1217 1220
1217 1502
1217 2587
1218 1219
1218 1220
1218 1221
1218 1222
1218 1229
1218 1502
1219 1220
1219 1221
1219 1222
1219 1230
1219 1502
1220 1221
1220 1222
1220 1502
1221 1222
1221 1502
1221 1957
1221 2484
1222 1502
1223 1355
1223 1468
1223 1511
1223 1662
1224 2498
1225 1325
1225 2423
1225 2480
1225 2495
1225 2502
1226 1227
1226 1228
1226 1229
1226 1230
1226 1231
1226 1651
1226 2531
1227 1228
1227 1229
1227 1230
1227 1231
1228 1229
1228 1230
1228 1231
1228 1324
1228 2555
1229 1230
1229 1231
1230 1231
1230 2374
1231 1644
1232 2262
1232 2298
1233 1485
1233 1669
1234 1391
1234 1751
1234 2240
1234 2662
1235 1993
1235 2100
1236 1641
1236 1975
1237 2399
1237 2549
1238 1386
1238 1520
1238 1901
1238 2080
1238 2151
1239 1349
1239 1548
1239 1610
1239 1685
1239 2447
1240 1241
1240 1807
1240 2372
1240 2432
1241 1623
1241 1807
1241 2239
1241 2372
1241 2432
1243 1589
1243 1668
1243 1778
1243 2152
1243 2225
1243 2249
1243 2521
1243 2527
1243 2650
1243 2660
1244 1245
1244 1246
1244 1506
1244 1819
1244 2304
1244 2573
1245 1246
1245 1506
1245 2304
1245 2573
1246 1506
1246 2304
1246 2573
1247 1248
1247 1273
1247 1296
1247 2244
1247 2255
1247 2327
1248 1249
1248 1257
1248 2244
1248 2255
1248 2327
1249 2244
1249 2255
1249 2327
1250 1275
1251 1252
1251 1713
1251 1838
1251 2079
1251 2288
1251 2467
1252 1276
1253 1430
1253 1475
1253 1819
1254 1255
1254 1434
1254 2073
1254 2379
1254 2397
1255 2073
1255 2379
1255 2397
1256 1297
1256 1505
1256 1651
1256 1933
1256 1953
1256 1998
1256 2111
1256 2568
1257 1377
1257 1563
1257 1847
1258 1259
1258 1261
1258 1262
1258 1332
1258 1395
1258 1398
1259 1260
1259 1261
1259 1262
1259 1332
1259 1395
1259 1839
1260 1262
1260 1332
1260 1839
1261 1395
1261 2219
1262 1332
1262 1782
1262 1839
1262 2126
1264 1278
1264 1457
1264 1675
1265 1413
1265 1571
1265 2156
1265 2221
1265 2301
1266 1267
1266 1483
1266 1759
1266 2158
1266 2361
1267 1554
1267 1629
1267 1759
1267 2042
1267 2158
1267 2273
1268 1536
1268 2132
1269 1272
1270 1536
1270 2132
1271 1272
1271 1536
1271 1574
1271 2132
1272 1536
1272 2132
1272 2283
1272 2487
1273 1274
1273 1276
1273 1296
1273 1594
1273 1608
1274 1594
1274 1608
1275 1608
1276 1608
1277 1278
1277 1482
1278 1482
1278 1846
1278 2144
1279 1676
1280 1281
1280 1282
1280 1283
1280 1770
1281 1283
1281 1770
1282 1283
1282 1676
1282 1770
1283 1599
1283 1676
1283 1770
1284 1285
1284 1859
1284 2099
1284 2504
1284 2661
1285 1859
1285 2099
1285 2504
1286 1382
1286 1607
1286 1665
1286 2353
1286 2409
1288 1290
1288 1312
1289 1292
1289 1455
1289 1937
1290 2118
1291 1451
1291 2009
1291 2042
1291 2245
1291 2284
1292 1315
1292 2009
1292 2245
1293 1319
1293 2009
1293 2033
1293 2245
1294 1331
1294 1925
1294 2169
1294 2407
1294 2645
1295 1327
1295 1464
1295 1884
1295 2030
1296 1365
1296 1686
1296 2547
1297 1482
1297 1566
1297 1624
1297 1716
1297 2468
1298 1412
1298 1526
1298 2494
1299 1562
1299 1712
1299 1892
1299 2163
1300 1305
1300 1562
1300 1712
1300 1892
1301 1302
1301 1359
1301 1440
1301 1860
1301 2646
1302 1309
1302 1860
1302 2345
1303 1304
1303 1305
1303 2187
1304 1305
1304 1330
1304 1495
1304 1754
1306 2273
1306 2475
1307 1308
1307 1450
1307 2345
1307 2625
1308 1309
1308 1321
1308 1450
1309 1310
1309 1311
1309 1312
1309 1313
1309 1314
1309 1315
1309 1316
1309 1317
1309 1318
1309 1319
1309 1320
1309 1321
1309 1325
1309 1686
1309 2171
1309 2378
1309 2611
1310 1313
1310 1314
1310 1317
1310 2378
1311 1313
1311 1315
1311 1318
1311 1328
1311 1365
1311 2171
1312 1319
1312 1320
1312 1484
1313 1314
1313 1315
1313 1316
1313 1318
1313 1321
1313 2171
1313 2378
1313 2611
1314 2171
1314 2378
1314 2611
1315 1318
1316 1318
1316 1329
1316 1719
1316 2378
1317 1708
1317 2378
1318 1319
1318 1321
1318 2378
1320 1484
1321 1365
1321 2378
1322 1326
1322 1624
1322 2468
1322 2625
1323 1330
1323 1485
1323 1913
1323 2079
1323 2376
1324 1772
1324 1886
1324 2363
1325 1326
1325 2625
1326 1777
1326 1880
1326 2181
1326 2510
1326 2625
1327 1970
1327 2030
1328 1329
1328 1601
1328 2202
1328 2433
1328 2646
1329 1601
1329 1719
1329 2202
1329 2433
1329 2646
1330 1485
1330 1708
1330 2232
1330 2652
1331 2645
1332 1643
1332 1839
1332 1875
1332 2306
1333 1350
1333 1631
1333 1685
1333 2214
1333 2447
1334 1644
1334 1761
1334 2126
1334 2302
1334 2638
1335 1342
1335 1406
1335 2025
1335 2165
1335 2246
1335 2438
1336 1399
1336 1776
1336 2044
1336 2291
1337 1507
1337 1621
1337 2386
1337 2472
1338 2088
1338 2091
1338 2231
1338 2326
1338 2646
1339 1416
1339 1939
1340 1570
1340 1573
1340 1656
1340 1893
1340 1920
1340 1953
1341 1896
1341 1911
1341 2124
1341 2190
1342 2025
1342 2165
1342 2246
1342 2438
1343 2097
1343 2345
1343 2363
1343 2475
1343 2537
1343 2565
1344 1387
1344 1791
1344 2051
1344 2489
1344 2588
1345 1687
1345 1934
1345 2024
1345 2224
1345 2645
1346 1370
1346 1525
1346 1703
1346 1948
1346 2101
1346 2336
1347 1598
1347 2047
1348 1964
1348 2155
1348 2188
1348 2509
1348 2531
1349 1350
1349 1357
1349 1548
1349 1610
1349 1685
1349 1832
1349 2377
1349 2447
1350 1631
1350 2214
1350 2447
1351 1774
1351 1878
1351 2382
1351 2430
1352 1540
1352 1634
1352 1942
1353 2417
1354 1654
1354 1864
1354 2044
1354 2145
1354 2269
1355 1428
1355 1441
1355 1443
1355 1511
1355 1633
1355 1662
1355 2028
1355 2113
1355 2121
1355 2251
1355 2292
1355 2559
1356 1417
1356 1956
1356 2014
1357 1425
1357 1548
1357 1685
1357 1882
1357 2447
1358 1389
1358 1793
1358 1794
1358 1924
1358 1982
1359 1367
1359 1369
1359 1461
1359 1488
1359 1605
1359 1609
1359 1615
1359 1632
1359 1647
1359 1722
1359 1724
1359 1766
1359 1792
1359 1824
1359 1847
1359 1864
1359 1889
1359 1997
1359 2393
1359 2412
1359 2455
1359 2501
1359 2590
1360 1963
1360 2552
1360 2585
1361 1802
1361 2402
1361 2591
1362 1586
1362 1775
1362 2136
1363 1790
1363 1932
1363 2019
1363 2183
1363 2463
1364 1968
1364 2032
1364 2193
1365 1686
1365 2547
1366 1767
1366 1937
1366 2118
1367 1476
1367 1616
1367 1803
1367 2646
1368 1450
1368 1532
1368 2524
1369 1485
1369 1926
1369 2043
1369 2163
1369 2198
1370 1703
1370 1948
1370 1949
1370 2101
1371 1535
1371 2475
1371 2495
1371 2502
1371 2537
1372 1417
1372 1478
1372 1835
1372 1977
1372 2029
1372 2069
1372 2288
1372 2373
1372 2556
1372 2577
1372 2609
1372 2643
1373 1674
1373 1758
1373 2294
1373 2655
1374 1583
1374 1648
1374 1672
1374 1680
1374 2024
1375 1849
1375 2117
1376 1634
1376 1728
1376 1761
1376 1809
1376 1940
1377 1642
1377 1704
1377 1758
1377 1898
1377 2000
1377 2200
1377 2435
1377 2655
1378 2189
1378 2330
1379 1796
1379 1872
1379 2039
1379 2589
1380 1388
1380 1481
1380 1482
1380 1611
1380 1683
1380 1710
1380 1736
1380 1969
1380 2082
1380 2436
1381 1533
1381 1696
1381 1881
1381 2137
1381 2496
1381 2560
1381 2644
1382 1585
1382 1607
1382 1665
1382 2353
1382 2409
1383 1663
1383 2139
1383 2507
1384 1456
1384 1787
1384 2127
1384 2241
1384 2308
1384 2315
1384 2325
1385 1570
1385 1788
1385 1977
1385 2577
1386 1520
1386 1911
1386 2151
1387 2051
1387 2489
1387 2490
1388 2321
1388 2427
1389 1572
1389 1924
1389 1982
1390 1462
1390 1593
1390 1707
1390 1729
1390 2167
1390 2525
1390 2533
1391 1540
1391 1558
1391 1625
1391 1751
1391 1916
1391 2002
1391 2409
1391 2454
1391 2494
1391 2639
1391 2662
1392 1877
1392 2110
1392 2342
1393 1704
1393 2064
1393 2067
1393 2143
1394 1424
1394 1664
1394 2575
1394 2619
1395 2219
1395 2365
1395 2443
1396 1563
1396 1725
1396 1957
1396 2260
1396 2361
1397 1546
1397 1934
1397 2111
1397 2265
1397 2374
1398 2420
1399 1675
1399 1776
1399 1959
1399 1990
1399 2023
1399 2095
1399 2169
1399 2291
1399 2354
1399 2528
1399 2576
1399 2655
1400 1452
1400 2277
1400 2311
1401 1436
1401 1531
1401 2114
1401 2522
1403 1574
1403 1780
1403 2144
1403 2593
1404 1991
1404 2242
1404 2333
1404 2395
1404 2477
1404 2625
1405 2295
1405 2456
1406 2025
1406 2246
1406 2438
1407 1491
1407 1497
1407 1938
1407 1945
1408 2044
1408 2269
1408 2620
1409 2039
1409 2149
1409 2309
1411 1874
1411 2413
1411 2518
1412 1569
1412 1916
1412 1939
1413 1519
1413 1890
1413 2221
1414 1826
1414 1951
1414 2442
1414 2599
1415 1926
1415 2191
1415 2285
1416 1926
1417 2014
1417 2391
1417 2421
1417 2556
1418 1848
1418 2240
1419 1452
1419 1532
1419 1880
1419 1931
1419 1984
1419 2411
1420 1471
1420 2275
1420 2523
1421 1666
1421 1736
1421 1974
1421 2170
1421 2278
1421 2465
1422 2014
1422 2120
1422 2324
1422 2557
1423 1709
1423 1742
1423 1772
1423 1952
1423 2155
1424 1664
1424 2209
1424 2329
1424 2575
1424 2619
1425 1548
1425 1900
1425 1994
1425 2211
1425 2388
1425 2447
1425 2536
1426 1958
1426 2006
1427 1544
1427 2416
1427 2422
1428 1633
1428 1921
1428 2121
1429 2238
1429 2320
1429 2464
1429 2555
1430 1475
1430 1540
1431 1645
1431 2205
1431 2649
1432 1463
1432 1733
1432 2250
1432 2384
1432 2625
1432 2646
1433 1491
1433 1497
1433 1691
1433 1938
1434 1619
1435 1902
1435 2022
1435 2053
1435 2400
1435 2484
1435 2519
1436 1726
1436 2497
1436 2567
1437 1983
1437 2297
1437 2320
1437 2555
1437 2658
1438 1548
1438 1900
1438 2211
1438 2388
1438 2457
1439 1454
1440 1463
1440 1824
1440 1860
1440 1927
1440 2488
1441 1633
1441 2121
1442 1709
1442 2244
1442 2646
1443 2207
1443 2651
1444 1825
1444 1868
1444 1914
1444 2008
1444 2011
1444 2103
1445 2048
1445 2306
1445 2348
1445 2538
1446 2180
1446 2215
1446 2299
1447 1523
1447 2146
1447 2442
1447 2513
1448 2424
1448 2556
1449 1627
1449 2056
1449 2213
1450 1749
1450 2423
1451 2241
1452 2277
1452 2311
1453 1975
1453 1976
1453 2083
1453 2176
1453 2233
1454 1756
1454 1961
1455 1937
1455 2118
1456 2241
1456 2308
1456 2315
1457 1746
1457 1767
1457 1999
1457 2017
1457 2037
1457 2507
1458 1829
1458 2359
1458 2400
1460 1576
1460 1798
1460 1850
1460 2389
1461 1490
1461 2149
1461 2646
1463 1538
1463 1544
1463 1733
1463 1860
1463 2150
1463 2250
1463 2300
1463 2384
1463 2416
1463 2422
1463 2449
1463 2640
1463 2646
1464 1884
1464 2021
1464 2030
1465 1875
1465 1959
1465 2057
1465 2344
1466 1545
1466 2017
1466 2054
1466 2071
1466 2145
1466 2507
1467 1545
1467 1667
1467 2367
1467 2623
1468 2222
1468 2398
1469 1530
1469 2176
1469 2373
1470 2365
1471 1725
1471 1886
1471 2307
1471 2554
1472 1485
1472 1498
1472 1690
1472 2630
1473 1528
1473 1657
1473 2253
1473 2485
1473 2488
1474 2355
1474 2450
1475 1540
1475 1819
1475 1874
1476 1554
1476 1616
1476 1631
1476 1695
1476 1795
1476 1904
1476 1946
1476 1993
1476 2046
1476 2066
1476 2091
1476 2230
1476 2234
1476 2256
1476 2430
1476 2625
1477 2142
1477 2345
1477 2368
1478 2029
1478 2065
1478 2069
1478 2373
1478 2629
1479 2153
1479 2475
1479 2537
1480 1530
1480 1618
1480 1635
1480 2467
1480 2629
1481 1611
1481 1683
1481 1736
1483 1864
1483 2414
1485 1489
1485 1708
1485 1860
1485 1913
1485 2094
1485 2232
1485 2235
1485 2268
1485 2376
1485 2416
1485 2535
1485 2652
1486 1583
1486 1672
1486 2024
1487 2277
1487 2311
1487 2389
1488 1503
1488 1722
1488 1786
1488 1902
1489 1496
1489 1732
1489 2195
1490 2149
1490 2433
1490 2646
1491 1497
1491 1691
1491 1938
1491 2081
1492 1764
1492 2614
1493 1602
1493 1701
1493 1771
1493 2512
1493 2588
1494 1505
1494 1972
1495 1661
1495 2187
1495 2571
1496 2268
1496 2333
1496 2422
1497 1691
1497 1938
1497 1945
1498 1690
1498 2500
1498 2630
1500 1678
1500 1789
1500 2514
1501 1547
1501 2133
1501 2461
1501 2589
1503 1669
1503 1722
1503 1786
1503 2595
1503 2643
1504 1731
1504 1971
1504 2505
1504 2612
1505 1972
1505 2150
1506 2304
1506 2573
1507 1511
1507 1621
1507 2386
1509 1801
1509 2071
1509 2134
1509 2473
1510 1661
1510 2187
1510 2581
1510 2602
1511 1553
1511 1662
1511 2251
1511 2277
1512 2157
1512 2625
1513 1961
1513 2533
1513 2539
1514 2127
1514 2182
1514 2279
1514 2328
1514 2541
1515 1524
1515 1614
1515 1918
1515 2169
1515 2407
1515 2637
1515 2648
1517 2335
1517 2551
1518 1765
1518 2177
1518 2270
1519 2090
1519 2389
1520 1901
1520 1911
1520 2080
1520 2151
1521 2083
1521 2176
1521 2564
1523 1979
1523 2146
1523 2442
1523 2513
1524 1918
1524 2648
1525 1811
1525 1948
1525 2336
1525 2477
1525 2550
1526 1627
1526 2274
1527 2053
1527 2264
1527 2478
1528 1878
1528 2034
1528 2382
1529 1927
1529 2043
1529 2135
1529 2534
1530 1635
1530 1985
1530 2629
1531 1709
1531 2106
1531 2213
1531 2509
1532 1880
1532 1931
1532 1984
1532 2411
1532 2524
1532 2549
1533 1881
1533 2093
1534 2089
1534 2434
1534 2498
1534 2562
1535 1666
1535 2100
1536 1651
1536 2132
1537 2612
1539 1988
1540 1649
1540 1819
1540 2307
1540 2337
1540 2340
1540 2354
1540 2383
1540 2420
1541 1669
1541 1902
1541 2523
1542 2526
1543 1653
1543 1999
1543 2516
1544 2416
1544 2628
1545 1818
1545 2050
1545 2072
1545 2401
1546 1934
1546 2111
1546 2299
1546 2374
1546 2380
1546 2410
1547 1781
1547 2192
1548 1610
1548 1685
1548 1832
1548 1882
1548 1900
1548 1994
1548 2096
1548 2211
1548 2377
1548 2388
1548 2447
1548 2457
1548 2530
1549 1821
1549 2490
1549 2616
1550 2180
1550 2250
1551 1806
1551 1955
1552 1637
1552 2289
1553 1639
1553 2207
1553 2511
1553 2651
1554 2646
1555 1688
1555 1785
1555 2185
1556 2101
1556 2159
1556 2336
1556 2550
1557 1848
1557 2063
1557 2091
1557 2256
1557 2475
1558 1585
1558 1997
1558 2002
1559 1640
1559 1842
1559 2093
1559 2229
1561 2000
1562 1712
1562 1892
1562 2163
1563 1599
1564 2006
1564 2055
1565 2018
1565 2023
1565 2072
1565 2095
1565 2601
1565 2632
1566 1624
1566 1716
1566 1890
1566 2625
1567 1604
1567 2287
1568 1621
1568 1744
1568 2472
1569 1939
1569 1996
1570 1573
1570 1656
1570 1788
1570 2191
1570 2224
1570 2558
1570 2618
1571 1890
1571 2156
1571 2221
1571 2301
1572 1794
1573 1656
1573 1760
1573 2558
1573 2648
1574 2593
1575 1699
1575 1935
1575 2592
1575 2633
1576 1798
1576 2389
1576 2483
1576 2597
1577 1747
1577 2177
1577 2501
1578 1938
1578 1979
1578 2040
1578 2346
1579 1631
1579 1650
1579 1857
1579 2214
1579 2447
1580 1961
1580 2482
1581 1730
1581 1741
1582 1852
1582 2417
1583 1672
1583 2024
1585 2002
1586 2136
1586 2164
1587 1620
1587 1775
1587 2345
1587 2475
1587 2482
1588 1688
1588 1775
1588 2185
1588 2441
1589 2152
1589 2658
1590 2005
1590 2149
1590 2175
1590 2641
1591 1659
1591 2025
1591 2349
1591 2437
1591 2646
1592 1599
1592 1975
1592 1976
1593 1707
1593 2525
1593 2533
1594 1977
1595 2225
1595 2343
1595 2580
1596 1669
1596 2643
1597 1734
1597 1755
1597 1980
1598 1903
1598 1941
1598 2010
1598 2047
1599 1705
1599 1770
1600 1681
1600 1854
1600 1906
1600 1951
1601 1627
1601 2202
1601 2433
1601 2635
1601 2646
1602 1701
1602 1771
1602 2512
1603 1829
1603 2248
1603 2359
1604 1918
1604 2303
1605 1632
1606 2142
1606 2333
1606 2366
1606 2368
1606 2445
1607 1665
1607 2121
1607 2353
1607 2409
1609 1632
1609 1724
1609 1792
1609 1824
1609 1889
1609 2412
1609 2501
1610 1685
1610 1832
1610 1882
1610 2377
1610 2447
1611 1683
1611 2207
1611 2651
1612 1890
1612 2216
1612 2320
1613 1726
1613 2203
1613 2328
1613 2379
1614 2637
1614 2648
1615 2189
1615 2362
1615 2455
1616 1803
1616 2202
1616 2646
1617 1682
1617 1802
1618 1635
1618 2387
1618 2629
1620 1775
1620 1805
1620 1907
1620 2252
1620 2471
1620 2628
1621 2386
1622 1700
1622 2426
1623 1813
1623 2239
1623 2432
1624 2468
1624 2625
1625 1751
1625 1916
1625 2491
1626 1638
1626 2331
1626 2598
1626 2636
1627 2491
1627 2576
1628 1992
1628 2271
1628 2424
1629 2243
1629 2273
1629 2537
1629 2570
1630 1831
1630 2247
1630 2254
1630 2309
1631 2447
1632 1889
1632 2412
1632 2590
1633 1921
1633 2028
1633 2121
1634 1761
1634 1809
1634 2126
1635 2387
1635 2629
1637 1922
1637 2266
1637 2289
1637 2548
1638 2160
1638 2331
1638 2364
1638 2598
1638 2636
1639 2207
1639 2511
1640 1842
1640 2093
1640 2618
1641 1772
1641 1845
1641 1975
1641 2244
1642 1735
1642 1874
1642 2260
1642 2326
1642 2551
1643 2323
1643 2459
1643 2504
1643 2545
1644 1658
1644 1838
1644 2267
1645 1944
1645 2205
1645 2649
1646 1739
1646 2577
1646 2629
1648 1663
1648 1680
1648 2526
1650 1685
1650 1857
1650 2214
1650 2447
1651 1734
1651 1953
1651 1998
1652 1975
1652 2120
1652 2288
1652 2324
1652 2492
1652 2557
1653 1999
1653 2339
1653 2507
1653 2516
1654 2269
1655 1677
1655 2299
1655 2582
1655 2618
1656 1693
1656 1757
1656 1822
1657 2253
1657 2485
1658 1918
1658 2065
1658 2068
1659 2349
1659 2586
1660 2167
1660 2466
1661 1671
1661 1754
1661 1873
1661 2187
1661 2201
1661 2578
1661 2581
1661 2602
1663 2139
1664 2575
1664 2619
1665 2353
1665 2409
1666 1974
1666 2170
1666 2278
1666 2465
1666 2477
1667 1815
1667 2050
1667 2367
1667 2623
1668 2659
1669 1822
1669 1902
1669 2134
1669 2522
1669 2643
1670 1988
1670 2045
1670 2404
1670 2467
1671 1873
1671 2187
1671 2201
1671 2448
1671 2578
1672 2024
1673 1764
1673 2237
1674 1758
1674 2162
1674 2655
1675 2655
1676 1770
1677 1816
1677 1817
1677 1833
1677 1919
1677 2360
1677 2506
1677 2589
1678 1789
1678 2514
1679 1997
1679 2161
1679 2318
1679 2489
1680 2526
1681 1775
1681 1854
1681 2051
1681 2663
1682 1734
1682 1865
1682 2299
1683 1736
1685 1832
1685 1857
1685 1882
1685 2377
1685 2447
1686 2425
1686 2547
1688 1844
1688 2185
1688 2287
1688 2441
1689 1697
1689 2020
1689 2264
1690 2500
1690 2630
1691 1938
1691 1945
1691 2081
1691 2179
1692 2281
1692 2647
1693 1822
1693 2053
1694 1718
1695 1928
1695 2234
1695 2430
1696 1881
1697 2020
1697 2223
1697 2264
1697 2354
1697 2478
1698 2102
1698 2109
1698 2238
1698 2392
1699 1810
1699 1935
1700 2426
1701 1771
1701 1888
1701 2490
1701 2512
1702 1801
1702 2332
1702 2497
1702 2623
1703 1948
1703 1949
1703 2101
1704 1970
1704 2143
1704 2200
1706 2078
1706 2562
1707 1895
1707 2559
1708 2232
1709 1742
1709 1791
1710 1981
1710 2436
1711 2092
1711 2460
1712 1892
1712 2163
1713 1715
1714 1738
1714 1859
1714 2099
1714 2114
1714 2504
1715 1762
1715 1904
1715 2425
1716 1890
1716 2238
1716 2625
1717 2471
1717 2566
1717 2643
1719 1808
1720 1900
1720 2096
1720 2211
1720 2388
1720 2457
1720 2530
1720 2536
1720 2604
1721 2657
1722 1786
1722 2099
1722 2595
1723 1962
1723 2475
1723 2537
1724 1993
1724 2168
1724 2646
1725 1978
1725 2307
1726 1802
1726 2010
1726 2139
1726 2196
1727 1739
1727 2176
1727 2411
1727 2610
1727 2629
1729 2167
1730 1741
1730 2375
1730 2558
1731 1971
1731 2579
1732 1854
1732 2176
1732 2564
1733 1840
1733 2384
1733 2646
1734 2339
1734 2374
1734 2428
1734 2601
1735 1951
1736 2594
1737 1794
1738 1859
1738 2099
1738 2261
1738 2504
1739 1977
1739 2112
1739 2233
1739 2577
1739 2629
1740 1879
1740 2172
1740 2603
1740 2610
1742 1934
1742 2155
1742 2157
1743 2241
1744 1896
1744 1911
1744 2124
1744 2190
1745 2038
1745 2627
1745 2658
1746 2037
1746 2054
1746 2116
1746 2351
1746 2507
1747 2155
1747 2322
1748 1846
1748 2142
1748 2368
1748 2502
1749 1779
1749 2026
1749 2208
1749 2508
1749 2563
1751 1916
1751 2519
1752 1781
1752 2052
1752 2493
1752 2509
1752 2531
1753 2063
1753 2091
1753 2256
1753 2300
1753 2358
1753 2475
1753 2488
1753 2537
1753 2646
1754 2187
1755 1836
1755 1980
1755 2365
1756 2662
1758 2620
1758 2655
1759 1965
1759 2158
1759 2475
1759 2646
1760 1891
1760 2111
1760 2558
1761 1809
1761 1940
1762 1763
1762 1965
1762 2055
1762 2125
1762 2272
1763 1777
1763 2118
1763 2125
1764 2059
1764 2129
1764 2237
1764 2310
1764 2614
1764 2655
1765 2270
1766 1997
1766 2081
1767 2019
1767 2064
1768 1912
1768 2006
1768 2055
1768 2631
1768 2635
1769 2418
1769 2429
1769 2606
1770 2173
1771 2489
1771 2512
1771 2588
1772 1845
1772 2062
1772 2548
1773 1957
1773 2589
1774 1816
1774 2430
1774 2523
1775 1805
1775 1995
1775 2252
1775 2345
1775 2471
1775 2628
1776 1942
1776 2044
1776 2291
1777 1981
1777 2100
1777 2143
1777 2384
1777 2394
1777 2446
1777 2475
1777 2537
1778 1989
1778 2140
1778 2343
1778 2660
1779 1966
1779 2026
1779 2415
1779 2458
1779 2563
1779 2625
1780 2593
1781 1849
1781 1918
1781 1986
1781 2185
1781 2188
1781 2287
1781 2296
1781 2441
1781 2484
1781 2493
1781 2509
1781 2515
1781 2539
1781 2605
1781 2661
1782 1785
1782 1836
1782 2370
1783 2060
1783 2149
1783 2320
1783 2499
1784 2623
1785 2370
1785 2439
1785 2577
1785 2648
1786 2433
1786 2643
1787 2325
1787 2451
1788 1933
1788 2013
1788 2296
1788 2352
1788 2440
1788 2509
1788 2605
1788 2658
1789 2514
1790 1932
1790 2019
1790 2183
1790 2463
1791 1952
1792 2412
1792 2501
1793 1794
1793 1864
1793 1899
1793 1924
1794 1863
1794 1924
1794 1982
1794 1987
1794 2154
1794 2641
1795 2234
1795 2475
1796 1824
1796 1890
1796 1909
1797 2219
1797 2275
1797 2582
1798 1850
1798 2311
1798 2389
1798 2483
1798 2511
1798 2597
1799 2142
1799 2368
1799 2475
1799 2502
1800 2020
1801 2332
1801 2567
1802 2197
1802 2402
1803 2433
1803 2475
1803 2646
1804 1855
1805 2186
1805 2226
1805 2628
1806 1963
1806 2593
1806 2627
1807 2372
1807 2432
1808 2105
1808 2335
1809 2267
1809 2638
1810 1992
1810 2405
1810 2424
1811 2068
1811 2101
1811 2336
1811 2465
1811 2550
1812 2342
1813 2239
1813 2432
1815 2367
1815 2381
1815 2623
1816 1978
1816 2523
1817 2141
1817 2360
1817 2506
1818 2072
1818 2082
1820 1941
1820 2287
1821 2616
1822 2522
1823 2135
1823 2168
1823 2186
1823 2198
1823 2646
1824 1889
1824 1909
1824 2074
1825 1970
1825 2011
1825 2103
1826 2358
1826 2599
1827 1833
1827 1919
1827 2072
1827 2528
1827 2546
1828 2194
1828 2449
1828 2621
1828 2652
1829 1903
1829 2192
1829 2359
1830 1974
1830 2170
1830 2278
1830 2465
1830 2477
1831 2149
1831 2210
1831 2309
1832 2447
1833 1919
1833 1991
1833 2528
1833 2546
1833 2632
1834 2204
1834 2371
1834 2390
1834 2544
1835 1874
1835 1921
1835 2121
1835 2292
1836 2365
1836 2476
1836 2615
1837 1838
1837 1862
1837 2077
1837 2288
1838 1862
1838 2288
1840 2203
1840 2522
1841 2161
1841 2197
1841 2402
1842 2036
1842 2093
1842 2229
1843 2288
1843 2520
1843 2609
1844 2185
1844 2436
1844 2553
1845 2062
1845 2576
1846 2142
1846 2366
1846 2368
1846 2475
1847 2354
1847 2595
1848 2091
1848 2240
1849 2549
1850 2090
1850 2321
1850 2427
1851 2123
1851 2347
1851 2602
1851 2653
1852 2034
1852 2382
1852 2594
1853 1994
1853 2033
1853 2522
1854 2195
1856 1908
1857 2214
1857 2447
1858 2050
1858 2070
1858 2401
1859 2099
1859 2504
1860 1927
1860 2488
1860 2646
1861 2027
1861 2169
1861 2596
1862 2004
1862 2496
1862 2609
1864 2044
1865 2322
1865 2600
1866 2130
1866 2403
1867 2266
1867 2548
1868 2011
1868 2148
1868 2204
1868 2371
1868 2544
1869 1921
1869 2001
1870 1919
1870 1991
1870 2394
1870 2475
1871 2052
1871 2473
1871 2580
1872 2510
1872 2589
1873 2187
1873 2201
1874 2086
1874 2200
1874 2202
1874 2620
1875 1942
1875 2542
1875 2613
1876 2218
1877 2110
1877 2342
1878 2382
1879 2172
1879 2396
1879 2603
1879 2610
1880 1931
1880 1984
1881 2137
1881 2644
1882 2447
1884 2021
1884 2030
1884 2368
1885 2316
1885 2572
1885 2645
1886 2307
1886 2363
1887 1960
1887 1968
1887 2516
1888 2051
1888 2490
1888 2588
1890 1941
1890 2221
1890 2301
1891 2111
1891 2558
1892 2163
1894 2041
1894 2431
1894 2456
1894 2553
1895 2195
1895 2365
1896 1911
1896 2124
1896 2190
1896 2386
1897 2035
1897 2075
1898 2067
1898 2480
1898 2620
1898 2655
1899 2220
1900 2388
1900 2457
1901 1911
1901 2151
1902 2003
1902 2022
1902 2519
1903 2087
1903 2359
1903 2606
1904 1946
1904 2046
1904 2066
1905 1944
1905 1988
1905 1999
1906 2568
1906 2648
1907 2643
1908 2050
1909 2074
1910 2568
1910 2606
1911 2124
1911 2151
1911 2190
1911 2199
1911 2642
1912 2631
1912 2635
1913 1997
1913 2079
1913 2376
1914 2008
1914 2103
1914 2122
1915 1930
1917 1971
1918 2166
1918 2350
1918 2493
1918 2579
1919 2528
1919 2546
1920 2558
1921 2121
1922 2062
1923 2048
1923 2348
1923 2538
1924 1982
1925 2169
1925 2407
1926 2007
1926 2274
1926 2523
1926 2612
1927 2043
1927 2135
1927 2394
1927 2449
1927 2488
1927 2534
1927 2621
1928 2031
1928 2050
1928 2070
1929 2077
1929 2120
1929 2265
1929 2288
1930 2629
1931 1984
1932 2019
1932 2183
1933 2440
1933 2568
1934 1953
1934 2192
1934 2224
1934 2509
1934 2645
1935 2049
1936 2000
1937 2118
1938 1945
1938 2081
1938 2179
1938 2346
1940 2276
1940 2520
1943 2375
1944 1999
1946 2046
1946 2066
1946 2242
1947 2565
1948 1949
1948 2101
1948 2336
1949 2101
1949 2550
1950 1973
1950 2450
1950 2503
1951 2655
1953 1998
1954 2473
1954 2543
1955 2038
1956 2036
1956 2291
1957 2515
1958 2006
1959 2057
1959 2344
1960 1968
1960 2267
1962 2100
1962 2475
1962 2537
1964 2155
1964 2579
1965 2055
1965 2125
1965 2272
1966 2113
1966 2415
1966 2458
1966 2625
1967 2004
1967 2564
1968 2032
1968 2162
1968 2193
1968 2226
1968 2267
1970 2067
1970 2620
1970 2655
1971 2604
1972 2451
1973 2450
1974 2278
1974 2465
1974 2477
1974 2622
1975 2255
1977 2112
1977 2577
1978 2632
1979 2146
1979 2442
1979 2513
1983 2297
1983 2320
1983 2464
1983 2555
1984 2411
1985 1996
1985 2387
1985 2629
1986 2296
1986 2299
1986 2605
1987 2001
1987 2228
1987 2574
1989 2110
1990 2018
1990 2023
1990 2095
1990 2528
1991 2368
1991 2394
1992 2405
1992 2424
1993 2475
1993 2537
1994 2211
1994 2388
1994 2447
1995 2252
1995 2560
1997 2161
1997 2318
1999 2037
1999 2196
1999 2339
1999 2507
1999 2516
1999 2561
2000 2200
2000 2655
2001 2595
2002 2409
2003 2446
2003 2537
2003 2570
2004 2564
2005 2060
2005 2149
2005 2175
2005 2282
2005 2499
2007 2224
2008 2122
2009 2245
2010 2087
2010 2196
2011 2103
2012 2319
2012 2385
2012 2543
2012 2646
2013 2247
2013 2389
2016 2248
2016 2475
2016 2553
2017 2071
2017 2145
2017 2507
2018 2023
2018 2072
2018 2095
2018 2632
2019 2183
2019 2463
2020 2264
2021 2030
2022 2512
2022 2519
2023 2072
2023 2095
2023 2275
2025 2063
2025 2165
2025 2246
2025 2349
2025 2437
2025 2438
2026 2208
2026 2458
2026 2508
2027 2076
2027 2596
2028 2121
2029 2373
2029 2375
2029 2629
2031 2050
2031 2070
2031 2401
2032 2104
2032 2162
2032 2193
2032 2226
2032 2267
2034 2382
2036 2042
2037 2071
2037 2138
2037 2507
2038 2627
2039 2149
2040 2092
2041 2431
2043 2135
2043 2534
2043 2621
2044 2269
2044 2393
2044 2576
2045 2404
2045 2467
2046 2066
2048 2306
2048 2348
2048 2538
2050 2070
2050 2401
2051 2345
2051 2489
2052 2074
2052 2347
2053 2264
2054 2071
2054 2507
2055 2118
2055 2125
2055 2272
2057 2072
2057 2344
2058 2110
2059 2310
2059 2614
2059 2655
2060 2149
2060 2320
2060 2499
2060 2624
2061 2097
2061 2475
2061 2537
2061 2647
2063 2091
2063 2256
2064 2067
2064 2143
2065 2068
2065 2373
2067 2143
2068 2101
2068 2336
2068 2550
2069 2629
2070 2401
2071 2138
2071 2145
2071 2507
2072 2095
2072 2265
2072 2294
2072 2401
2072 2491
2072 2632
2073 2379
2073 2397
2073 2419
2073 2531
2074 2134
2074 2473
2077 2120
2077 2288
2078 2434
2078 2562
2079 2232
2079 2376
2080 2151
2080 2190
2082 2305
2082 2594
2083 2176
2083 2233
2084 2408
2084 2654
2086 2215
2086 2518
2087 2299
2087 2606
2088 2231
2088 2326
2088 2646
2089 2498
2089 2562
2090 2321
2090 2389
2091 2256
2092 2460
2094 2232
2094 2235
2094 2535
2096 2388
2096 2530
2096 2536
2097 2345
2097 2363
2097 2395
2097 2413
2097 2475
2097 2537
2097 2608
2097 2647
2099 2504
2100 2345
2100 2475
2100 2537
2101 2159
2101 2550
2101 2594
2102 2109
2102 2238
2102 2392
2104 2128
2104 2267
2105 2335
2105 2551
2106 2539
2107 2322
2107 2600
2109 2320
2109 2392
2110 2342
2110 2398
2110 2431
2110 2583
2110 2659
2111 2299
2111 2618
2112 2176
2112 2577
2112 2629
2114 2157
2116 2351
2116 2507
2118 2125
2119 2251
2120 2288
2120 2324
2120 2492
2120 2532
2120 2557
2121 2222
2123 2187
2123 2602
2123 2653
2124 2190
2126 2638
2127 2182
2127 2328
2127 2541
2128 2267
2128 2638
2129 2186
2130 2194
2130 2403
2130 2432
2133 2257
2133 2589
2133 2663
2134 2473
2135 2534
2137 2644
2138 2145
2138 2380
2138 2507
2140 2343
2141 2191
2142 2333
2142 2366
2142 2368
2142 2475
2142 2537
2143 2444
2143 2537
2144 2524
2145 2507
2146 2442
2146 2513
2147 2304
2149 2175
2149 2282
2149 2309
2149 2499
2149 2641
2150 2395
2150 2475
2150 2537
2151 2190
2153 2475
2153 2537
2154 2210
2154 2238
2154 2254
2154 2461
2156 2221
2156 2301
2158 2475
2158 2547
2158 2570
2159 2317
2159 2336
2159 2550
2160 2331
2161 2318
2161 2542
2162 2226
2164 2263
2164 2464
2165 2438
2167 2466
2168 2198
2168 2646
2169 2407
2170 2278
2170 2465
2170 2477
2170 2622
2171 2378
2171 2611
2172 2603
2175 2282
2176 2233
2176 2577
2177 2435
2178 2564
2180 2299
2182 2328
2183 2463
2185 2287
2185 2441
2186 2226
2187 2201
2187 2448
2187 2571
2187 2578
2187 2581
2187 2602
2188 2509
2188 2531
2189 2330
2190 2250
2191 2285
2192 2293
2192 2445
2193 2267
2194 2403
2196 2577
2197 2402
2199 2642
2200 2620
2200 2655
2201 2448
2201 2578
2202 2646
2203 2473
2204 2371
2204 2390
2204 2544
2207 2651
2208 2464
2208 2508
2209 2329
2210 2254
2210 2461
2211 2214
2211 2388
2211 2457
2211 2536
2217 2469
2217 2559
2217 2607
2219 2582
2221 2301
2223 2340
2223 2354
2224 2645
2225 2343
2225 2521
2225 2660
2228 2236
2228 2369
2229 2369
2229 2414
2230 2234
2230 2646
2231 2326
2231 2646
2232 2268
2233 2577
2235 2535
2236 2369
2236 2448
2237 2614
2238 2320
2238 2624
2238 2625
2239 2432
2241 2284
2241 2486
2241 2554
2241 2649
2242 2475
2242 2625
2243 2570
2244 2255
2244 2327
2246 2438
2247 2428
2248 2261
2248 2613
2249 2660
2251 2559
2252 2617
2253 2485
2254 2461
2254 2549
2255 2327
2258 2591
2259 2283
2259 2392
2259 2487
2261 2613
2262 2532
2263 2502
2264 2478
2265 2294
2266 2548
2268 2652
2273 2537
2273 2625
2274 2518
2275 2582
2276 2346
2277 2311
2277 2321
2277 2389
2277 2597
2277 2603
2278 2336
2278 2465
2278 2477
2278 2550
2278 2594
2278 2622
2279 2376
2281 2630
2283 2487
2288 2324
2288 2492
2288 2609
2289 2381
2290 2529
2293 2359
2293 2445
2294 2401
2294 2632
2296 2299
2296 2605
2297 2320
2297 2464
2297 2555
2299 2380
2299 2410
2300 2358
2300 2475
2300 2537
2302 2566
2304 2573
2306 2348
2307 2383
2310 2614
2311 2389
2312 2357
2314 2424
2316 2361
2316 2383
2316 2572
2318 2417
2319 2385
2319 2543
2319 2646
2320 2464
2320 2499
2320 2624
2321 2396
2321 2427
2321 2553
2321 2603
2322 2600
2323 2459
2323 2545
2324 2492
2324 2557
2325 2451
2326 2646
2328 2541
2331 2364
2331 2525
2331 2598
2331 2613
2331 2636
2333 2366
2333 2368
2335 2551
2336 2550
2337 2420
2339 2507
2339 2516
2341 2568
2342 2521
2345 2363
2345 2537
2347 2576
2348 2453
2348 2538
2349 2437
2350 2481
2351 2507
2352 2440
2352 2482
2353 2409
2356 2425
2356 2496
2358 2475
2358 2537
2360 2440
2360 2506
2360 2542
2362 2455
2364 2598
2364 2636
2365 2443
2366 2368
2368 2422
2368 2423
2368 2502
2368 2604
2368 2652
2370 2476
2371 2390
2371 2544
2372 2432
2377 2447
2378 2611
2379 2397
2380 2410
2380 2563
2383 2572
2383 2573
2384 2640
2384 2646
2385 2646
2387 2629
2388 2457
2388 2530
2388 2536
2389 2427
2389 2597
2390 2534
2390 2544
2391 2571
2391 2602
2393 2475
2395 2475
2395 2537
2395 2640
2396 2427
2396 2603
2398 2583
2399 2549
2403 2432
2404 2467
2405 2424
2408 2654
2410 2563
2411 2610
2412 2501
2413 2475
2413 2537
2415 2458
2415 2508
2415 2563
2415 2625
2416 2422
2418 2429
2421 2556
2422 2502
2422 2656
2423 2480
2423 2495
2423 2502
2423 2517
2425 2485
2425 2496
2425 2547
2427 2603
2433 2646
2434 2498
2434 2562
2437 2646
2439 2648
2440 2482
2442 2513
2443 2506
2444 2537
2445 2552
2448 2602
2449 2621
2449 2646
2453 2503
2454 2639
2458 2468
2458 2508
2458 2510
2458 2625
2459 2545
2462 2574
2462 2585
2464 2555
2464 2624
2465 2477
2465 2622
2467 2587
2468 2625
2469 2607
2470 2524
2471 2643
2473 2580
2474 2539
2475 2489
2475 2510
2475 2537
2475 2570
2475 2647
2476 2615
2477 2622
2480 2495
2480 2502
2480 2517
2490 2588
2492 2609
2495 2502
2495 2505
2495 2517
2496 2560
2497 2567
2498 2562
2500 2630
2502 2517
2505 2612
2507 2561
2509 2531
2510 2625
2511 2651
2517 2535
2519 2584
2521 2650
2523 2580
2527 2650
2528 2546
2530 2536
2531 2634
2536 2604
2537 2543
2537 2570
2537 2647
2540 2572
2543 2646
2550 2594
2555 2658
2558 2658
2563 2625
2568 2606
2569 2629
2571 2602
2572 2645
2575 2619
2584 2643
2586 2646
2592 2633
2595 2617
2598 2636
2620 2655
2621 2646
2625 2640
2631 2635
2634 2661
2640 2646
