0 2576
1 1260
2 735
3 1380
4 7
4 1871
5 6
6 2292
8 352
8 1467
8 2623
9 68
9 392
10 929
11 447
11 696
11 785
11 1243
11 1812
11 2527
12 1265
13 14
13 981
13 2584
15 1273
15 1594
16 1275
17 639
17 1232
17 2298
18 1233
18 2203
19 2652
20 1279
21 1280
22 88
23 1281
24 1282
25 1283
26 39
26 1126
26 1145
27 28
27 2357
29 30
29 31
32 853
33 1276
33 2253
34 632
35 37
35 633
35 764
36 727
36 2569
38 158
39 2389
40 43
41 2600
42 2322
42 2600
43 2322
44 45
46 50
47 1476
47 2234
48 1476
49 1774
49 2430
51 1476
51 1554
52 144
53 54
53 146
55 1240
56 644
56 2194
57 734
57 773
58 774
59 173
59 407
60 176
61 354
61 2086
62 1526
62 1627
63 678
64 708
65 709
66 2435
67 1249
67 1442
68 635
69 72
70 122
70 2532
71 124
73 1086
74 76
75 1596
77 1867
77 2548
78 536
78 2548
79 1637
80 1071
81 1072
82 671
83 672
83 1073
84 673
84 1075
85 1472
86 1279
87 91
89 1281
90 1282
91 1897
91 2035
91 2075
92 95
93 98
93 531
94 532
96 97
96 99
100 1129
101 1291
101 1883
102 1196
103 1197
104 112
105 1199
105 1863
106 1200
106 2555
107 1292
108 364
108 1202
109 1203
110 1204
111 1293
113 1207
114 192
115 191
115 1963
116 609
116 1806
117 124
118 1113
119 1114
120 126
121 1116
122 1117
123 1118
124 1142
125 1120
127 463
127 1237
127 1849
128 1008
128 2215
129 229
129 466
129 1036
130 327
130 650
130 2626
131 328
131 651
132 137
133 330
133 653
134 331
135 332
135 654
136 333
136 656
138 139
139 140
139 141
139 2206
142 480
143 1146
143 2612
144 1164
145 2335
146 546
147 1326
147 2028
148 449
149 151
150 151
150 1737
152 560
152 1458
153 1869
154 527
155 411
156 412
157 2344
159 549
159 813
160 949
160 1706
161 1224
162 392
163 164
164 1147
165 538
165 1416
166 189
166 1851
166 2123
166 2653
167 169
167 659
168 811
168 991
168 2596
170 1393
171 378
171 1954
172 381
173 175
173 1157
174 1409
174 2039
177 899
177 1238
177 1911
177 2190
178 335
178 1098
179 336
179 555
179 1099
180 337
180 1100
181 338
181 1101
181 2418
182 339
182 1102
183 982
183 2276
184 306
185 186
187 1538
188 431
189 765
189 2602
190 608
191 2038
192 613
193 372
194 450
195 440
195 1043
196 349
196 373
196 1045
197 374
198 375
198 1047
198 1448
198 2406
199 214
199 279
199 2424
200 376
201 204
201 1018
202 204
203 205
203 1522
204 377
206 414
206 1372
207 455
208 417
208 504
208 1495
209 497
210 458
210 950
210 1961
211 1439
211 1454
211 1756
212 479
212 1454
213 2633
214 1903
215 856
215 1161
216 249
217 250
217 986
218 252
219 227
220 254
221 255
222 256
223 257
224 258
224 987
225 259
226 261
228 263
229 505
230 231
230 776
230 2258
231 1324
231 2363
232 452
233 610
233 620
234 960
235 238
236 963
237 964
238 2173
239 1355
239 1428
239 2121
240 1355
241 242
241 496
241 2503
243 1735
244 245
244 1950
244 1973
246 247
246 623
248 445
248 2648
249 260
249 1899
249 2220
251 252
252 550
253 262
253 394
255 2592
256 552
257 553
258 634
264 267
264 268
264 2184
265 266
265 268
266 1943
269 495
269 692
270 496
270 1784
271 514
272 887
272 954
273 568
273 1274
274 298
274 569
274 1249
275 757
275 1619
275 2092
276 1114
277 1169
278 1118
279 1539
279 1988
280 1927
281 862
281 1519
281 2090
282 1306
282 2263
283 911
284 2164
285 348
285 723
285 750
285 1287
286 350
286 751
286 953
286 2118
287 637
287 790
287 1369
288 729
289 2568
290 291
290 1449
290 2213
291 301
291 1016
292 302
292 1019
293 763
294 295
294 297
296 297
296 1550
298 1711
299 1403
299 2265
300 303
300 922
303 1814
304 305
306 1908
307 309
308 311
309 384
310 311
311 996
312 924
312 1820
312 1941
313 926
314 588
314 960
315 589
315 961
316 794
316 962
317 590
317 963
318 591
318 964
319 592
319 965
319 1917
319 2474
320 448
320 766
320 1431
320 1645
320 2649
321 628
322 630
322 768
322 838
323 1263
324 2019
325 555
325 724
326 1032
326 1509
329 334
332 1499
335 697
336 698
337 386
337 699
337 1542
338 700
338 2417
339 701
339 1582
340 1777
340 2143
341 342
341 2601
343 1067
344 963
344 1134
345 800
346 1540
347 768
349 843
349 1289
351 2365
352 975
352 995
352 998
352 1401
352 2114
352 2645
353 354
353 2016
355 356
355 1002
356 357
356 972
356 984
356 1420
356 1836
356 2476
356 2615
358 686
359 1677
360 363
361 363
361 2148
362 363
365 2227
366 367
366 368
369 1304
370 1084
371 481
371 1085
372 439
372 1059
373 441
373 1060
374 442
374 1061
375 443
375 1062
376 444
376 1064
378 379
378 2085
379 380
379 2305
382 470
382 2525
383 420
383 663
384 878
384 1822
384 1840
384 2302
384 2522
385 565
385 635
387 596
388 597
389 598
390 599
391 600
391 1508
392 661
392 1004
393 582
393 1787
393 2325
393 2451
395 584
395 968
396 585
397 586
398 941
398 1816
399 1669
400 1669
401 1106
401 1130
402 403
402 472
402 476
402 1405
402 2456
403 2295
404 920
404 1835
405 406
407 1033
407 1104
408 1022
408 1126
408 2013
408 2247
409 551
410 1120
410 1143
413 1243
413 2249
413 2650
415 936
415 1277
416 937
416 1278
416 2144
417 2391
418 419
418 1773
421 775
422 423
422 1135
422 2133
422 2257
422 2663
424 1140
425 1143
425 1162
426 427
426 1256
428 1243
429 1145
429 1798
430 1238
430 1386
430 1901
432 1348
432 1964
433 674
434 498
435 2566
436 1477
436 2142
437 951
437 1086
438 580
445 446
445 1256
447 2058
448 2496
448 2560
449 1040
450 454
450 1042
451 1046
452 1048
453 1049
455 2122
456 1492
456 1673
456 1764
456 2059
456 2310
456 2614
457 681
457 2275
459 687
460 1570
461 1483
462 539
462 2539
463 474
464 466
465 467
466 2015
468 1263
469 1264
469 1999
470 772
470 906
471 568
471 1580
472 1588
472 2441
473 848
473 1555
475 476
476 622
477 487
478 1513
480 876
482 1295
482 1327
483 1301
483 1796
484 485
484 489
486 490
486 491
486 2147
487 1611
488 489
488 2180
492 1035
493 862
493 1126
493 1400
494 2072
496 2453
497 871
498 500
498 663
498 1513
499 1513
501 503
501 1494
501 1505
501 1842
501 1972
502 1285
504 1304
504 1754
506 1429
507 1217
507 2218
507 2587
508 509
509 510
509 511
509 1684
511 512
511 513
514 595
514 2479
515 1112
515 2084
516 1040
517 923
518 520
518 924
519 1141
521 926
522 927
523 766
523 2115
524 743
524 1000
525 746
526 1190
526 1856
527 529
527 530
527 2223
528 529
532 973
533 603
533 920
534 771
535 715
535 1563
536 537
538 544
538 2007
539 1800
539 1926
540 541
540 1926
542 543
542 1352
543 1942
544 2274
545 1164
546 1719
546 1808
547 1661
548 765
550 1054
550 1930
551 1055
552 1056
553 1057
553 1915
554 1058
556 558
556 1692
557 1692
557 2281
558 1302
559 820
560 822
561 562
563 1021
564 2359
565 611
566 1019
567 1362
570 781
570 955
571 572
573 958
573 1029
574 1644
575 577
575 890
575 2004
576 1232
578 579
578 1732
578 2178
578 2564
579 1967
581 707
581 784
581 870
582 1559
582 1842
583 999
583 2229
585 1640
586 2033
587 1129
592 1728
593 879
593 1086
594 595
596 792
596 1268
597 793
597 1269
598 795
598 1270
599 796
599 1271
600 797
600 1272
600 1516
600 2280
601 602
601 1337
601 1507
601 1621
601 2386
604 1412
605 1103
605 1146
606 1023
607 1024
607 1470
607 2553
610 1780
612 2033
614 615
615 2505
616 922
616 1922
617 731
618 732
618 2217
619 1107
621 712
622 695
622 1462
623 626
623 627
623 629
623 1987
624 1136
625 631
632 816
635 1003
636 864
636 988
637 808
637 1081
638 1082
638 1647
639 2205
640 1083
641 1284
641 2661
642 786
642 1037
642 1646
643 2130
644 1866
645 1242
646 835
647 1612
647 2216
648 1181
648 1242
649 882
649 1257
649 1377
649 2186
650 1165
650 1459
651 1167
652 657
653 1170
654 1171
655 1119
655 1172
656 1175
658 659
658 1581
658 1730
658 1741
660 1119
662 1626
663 892
664 777
664 864
665 669
666 667
666 2599
668 669
668 1826
670 1718
672 1718
674 1852
674 2034
675 676
676 2586
677 2641
678 1729
678 1895
679 2197
679 2402
680 931
680 1501
682 683
682 684
683 2385
685 1377
686 896
687 823
688 1843
688 2346
689 2036
690 1213
691 884
691 1052
691 1426
692 693
692 1960
694 728
694 2160
695 1660
695 2167
695 2466
696 1668
696 2659
700 1353
702 703
702 704
702 705
702 1643
702 2323
706 1643
707 929
709 1577
710 2595
711 872
712 2283
712 2487
713 884
714 1828
716 2529
717 718
718 2290
718 2529
719 720
721 2044
722 2044
725 726
726 1527
726 1693
726 2053
726 2478
727 1731
727 2579
728 892
728 1996
728 2636
730 1383
730 2139
732 733
732 1561
735 736
735 1649
737 960
738 961
739 962
739 2426
740 963
741 964
742 965
742 1893
742 2419
743 767
743 967
744 969
745 1431
746 768
746 971
747 2241
748 749
749 1030
751 1053
751 1763
752 755
753 755
754 755
755 1514
755 2279
756 1848
758 1279
759 1280
760 1281
761 1282
762 1283
762 1599
763 890
763 1453
763 1469
763 2233
765 2201
765 2578
766 2241
768 1290
769 770
770 2518
771 860
771 1190
772 2533
775 848
775 1687
777 1724
778 1127
779 1128
779 1804
780 867
780 2025
782 1307
783 1308
785 1778
785 1989
785 2140
785 2343
786 1286
787 788
787 789
787 804
787 2199
787 2642
791 910
791 1327
792 1151
793 1152
795 1153
796 1154
797 1155
797 1410
797 1560
798 799
799 801
799 1430
802 1330
803 1679
804 805
805 2098
806 809
806 978
807 810
809 2189
810 1484
812 2371
813 814
815 1918
817 818
818 2334
819 1275
820 821
820 1020
824 831
825 826
826 828
826 829
826 831
826 832
826 1567
826 1604
826 2303
827 831
830 831
830 1613
831 833
831 1918
834 2076
835 958
836 959
836 2102
837 947
837 2554
839 859
840 993
841 1746
841 2054
841 2116
841 2351
841 2507
842 1417
843 1713
843 1715
844 847
845 847
846 847
847 2119
849 2027
850 2452
851 1292
851 1451
852 1293
853 1300
854 883
855 856
857 858
858 859
858 897
860 1163
861 863
862 2311
864 1080
864 1359
864 2362
865 962
866 1147
867 1591
867 1659
868 920
869 2651
873 1962
874 2491
875 877
879 1496
880 1287
880 1366
881 2355
881 2444
882 1354
882 2269
883 1664
883 2575
883 2619
885 886
885 887
885 889
885 1578
885 2040
888 1250
890 2176
891 1156
893 2108
894 1364
895 1364
898 1023
900 902
900 903
900 2286
901 1025
904 1471
904 1725
904 1978
904 2108
905 1156
905 1775
905 1805
905 1995
906 907
908 1776
909 2470
911 1159
912 913
914 1802
915 916
915 1802
917 1802
918 1802
919 1802
920 2222
921 1264
921 1767
923 1015
924 1016
925 1017
925 1598
926 1019
927 2106
928 2512
930 2110
931 1742
931 2155
932 933
933 1750
934 935
934 1129
937 1368
937 2524
938 1252
939 997
939 1208
939 1254
939 2428
940 1818
940 2082
941 942
941 943
941 944
941 1821
942 1549
942 2616
945 1690
946 947
948 1224
949 1534
949 2078
949 2089
949 2434
949 2498
949 2562
951 2087
952 1287
955 957
955 1236
956 957
962 1133
966 1059
966 1185
969 2308
970 1384
972 974
972 2027
972 2076
972 2131
975 976
975 977
978 979
978 2270
980 1765
982 1940
983 985
987 2561
988 2129
989 990
989 1500
989 1678
990 1789
990 2514
991 1861
992 993
993 1885
993 2361
994 2181
994 2491
995 1702
995 1801
997 2056
998 1331
998 1436
998 2497
998 2567
1000 2166
1001 1205
1004 1862
1005 2168
1005 2198
1006 1007
1006 1446
1006 2299
1008 1011
1009 1010
1010 2313
1012 2251
1013 2251
1014 1097
1014 2341
1017 1584
1021 1547
1024 1947
1024 2565
1025 2634
1026 1648
1026 2526
1027 1761
1028 1034
1031 1224
1034 1039
1036 1038
1036 1039
1038 1740
1038 2174
1041 1044
1044 1209
1050 1391
1050 1396
1050 2454
1050 2639
1051 2552
1053 1768
1053 1912
1053 2631
1053 2635
1060 1210
1061 1063
1064 1211
1065 1628
1065 1992
1065 2271
1066 1232
1068 2250
1069 1461
1070 2657
1072 2657
1074 1076
1076 1077
1076 1079
1078 2657
1085 1551
1087 1090
1087 1091
1088 1090
1089 1090
1090 1092
1092 1981
1093 1096
1094 1095
1094 1096
1094 1564
1101 1936
1105 1129
1106 1108
1107 2347
1109 1186
1110 1112
1111 2408
1113 1982
1113 2317
1113 2414
1114 1136
1115 1121
1116 1138
1117 1139
1122 1191
1122 1969
1123 1192
1123 2361
1124 1193
1125 1194
1128 1855
1130 1131
1131 2212
1132 2338
1132 2608
1134 2350
1134 2481
1137 1144
1141 2381
1141 2618
1144 1636
1145 1460
1145 1576
1148 1600
1148 1681
1148 1854
1149 1150
1149 1553
1150 1298
1150 1511
1155 1402
1157 2175
1158 2648
1159 2647
1160 2589
1163 1552
1165 1195
1166 1196
1167 1197
1168 1176
1169 1199
1170 1200
1171 1201
1172 1202
1173 1203
1174 1204
1175 1205
1177 1207
1177 2484
1178 1240
1179 2432
1180 1241
1182 1214
1182 1791
1182 1952
1183 1215
1184 1186
1184 2001
1187 1188
1187 1189
1187 1923
1187 2306
1195 2585
1198 1206
1208 1734
1212 2049
1213 2042
1214 1709
1216 1479
1218 1219
1219 1220
1219 1221
1219 1502
1220 1222
1223 1662
1225 1325
1226 1227
1226 1228
1229 1230
1230 1231
1232 2262
1234 2662
1235 1993
1236 1975
1237 2549
1238 1520
1238 2080
1239 1685
1241 2372
1243 2225
1243 2521
1243 2660
1244 2573
1245 2573
1246 2573
1247 1248
1251 2079
1253 1475
1253 1819
1254 1255
1254 1434
1254 2073
1255 2379
1255 2397
1256 1651
1256 1953
1256 1998
1257 1847
1258 1259
1258 1398
1259 1261
1259 1332
1259 1395
1261 2219
1262 1332
1265 2156
1266 1267
1266 2158
1267 1759
1272 1536
1273 1608
1278 1482
1279 1676
1283 1770
1288 1290
1291 2009
1291 2245
1294 1925
1294 2169
1295 2030
1296 1686
1296 2547
1297 1566
1297 1716
1298 1412
1298 2494
1299 1562
1299 1712
1300 1305
1303 1304
1307 1450
1309 1313
1309 1314
1309 1317
1309 1319
1309 1321
1309 2378
1310 1314
1311 1315
1311 1318
1312 1320
1313 1318
1314 2611
1316 1318
1317 1708
1322 1326
1323 1330
1323 1913
1323 2079
1323 2376
1326 2625
1328 2646
1329 2646
1330 1485
1332 1839
1333 1350
1334 2638
1335 2025
1336 1776
1338 2088
1339 1939
1340 1920
1341 2124
1342 2438
1343 2097
1344 1387
1345 2645
1346 2101
1347 1598
1349 1685
1349 2377
1350 1631
1351 1774
1355 1441
1355 1633
1356 1956
1357 2447
1358 1793
1358 1924
1359 1632
1359 1766
1359 1824
1359 1889
1359 1997
1360 2585
1361 2591
1362 1586
1362 2136
1363 2019
1365 1686
1367 1616
1367 1803
1370 2101
1371 1535
1372 2069
1373 1758
1374 1680
1375 2117
1376 1728
1377 2200
1378 2189
1379 2589
1380 1388
1380 2436
1381 1881
1381 2137
1382 1607
1382 2409
1384 1456
1384 2315
1385 2577
1387 2489
1389 1572
1389 1982
1390 1593
1392 2342
1393 2067
1394 1664
1397 1546
1399 1675
1403 1574
1403 2593
1404 2333
1404 2477
1406 2025
1407 1938
1408 2044
1411 2413
1412 1569
1413 1890
1414 1826
1415 1926
1415 2285
1417 2421
1417 2556
1418 2240
1419 1532
1421 2465
1422 2014
1422 2557
1423 1742
1424 2209
1425 1548
1426 1958
1426 2006
1427 1544
1429 2238
1432 1463
1433 1691
1435 2484
1437 1983
1438 2388
1440 1860
1440 2488
1443 2651
1444 1825
1444 2011
1444 2103
1445 2306
1447 2146
1447 2442
1452 2311
1455 1937
1457 2507
1458 2400
1461 1490
1463 1733
1463 1860
1463 2384
1463 2640
1464 1884
1465 1875
1465 2057
1465 2344
1466 2071
1468 2398
1471 2307
1472 1498
1473 2485
1474 2450
1476 1695
1476 1795
1476 2230
1478 2029
1478 2373
1479 2153
1480 2629
1481 1683
1483 1864
1485 2232
1486 2024
1487 2277
1488 1722
1489 1496
1491 1691
1491 1938
1493 1602
1493 1771
1497 1938
1497 1945
1503 1786
1503 2643
1504 1971
1505 2150
1506 2304
1506 2573
1510 2187
1512 2157
1515 1614
1515 2637
1517 2335
1518 2270
1520 2151
1521 2176
1523 1979
1523 2513
1524 2648
1525 2336
1528 1878
1528 2382
1529 1927
1530 2629
1531 2106
1532 1880
1532 1931
1532 1984
1532 2411
1533 2093
1536 2132
1537 2612
1540 2337
1540 2420
1541 1902
1543 1999
1544 2416
1545 2072
1546 2374
1548 1882
1548 1994
1548 2388
1551 1955
1553 1639
1553 2511
1556 2550
1557 2091
1558 1585
1558 2002
1562 1892
1565 2018
1568 2472
1570 1573
1571 2221
1575 1699
1577 2177
1579 2214
1583 1672
1587 2345
1589 2152
1590 2641
1591 2349
1591 2437
1592 1599
1592 1976
1593 1707
1595 2580
1597 1755
1598 2047
1599 1705
1600 1906
1601 2646
1603 1829
1605 1632
1606 2366
1609 2412
1609 2501
1610 1685
1615 2362
1617 1682
1618 2629
1620 1775
1620 1907
1622 1700
1623 2432
1624 2468
1625 1751
1625 1916
1626 2636
1629 2570
1630 1831
1632 2590
1634 1809
1635 2629
1637 2266
1638 2331
1638 2598
1641 1975
1642 2260
1642 2326
1648 1663
1650 1857
1652 2120
1653 1999
1654 2269
1655 2582
1656 1693
1656 1757
1657 2253
1658 2065
1661 2187
1665 2409
1666 1974
1666 2465
1667 1815
1667 2367
1670 2045
1670 2404
1670 2467
1671 1873
1671 2201
1672 2024
1673 2237
1674 2162
1682 1865
1685 1832
1688 2185
1688 2287
1689 2020
1690 2500
1690 2630
1694 1718
1696 1881
1697 2264
1698 2102
1699 1935
1701 2512
1703 1948
1704 2200
1707 2559
1710 1981
1711 2460
1712 2163
1714 2099
1717 2471
1717 2566
1720 2096
1720 2530
1720 2536
1721 2657
1723 1962
1726 2139
1727 1739
1727 2610
1735 1951
1736 2594
1738 2099
1739 2112
1739 2629
1743 2241
1744 2190
1745 2038
1747 2322
1748 2142
1749 2026
1752 1781
1753 2300
1753 2358
1755 1980
1760 1891
1760 2558
1761 1809
1762 2272
1765 2270
1769 2429
1772 1845
1772 2062
1773 1957
1775 2628
1776 2291
1779 2415
1781 2493
1782 2370
1783 2060
1785 2439
1788 1933
1788 2440
1788 2658
1790 2019
1792 2412
1794 1863
1797 2582
1798 2483
1799 2368
1801 2332
1807 2372
1810 2405
1810 2424
1811 2336
1813 2432
1816 2523
1817 2141
1823 2646
1824 1909
1827 2546
1829 2192
1829 2359
1830 2477
1831 2309
1833 1919
1834 2544
1837 1838
1841 2161
1844 2436
1846 2142
1850 2321
1853 2033
1854 2195
1858 2070
1859 2099
1868 2371
1870 1919
1872 2510
1874 2086
1876 2218
1877 2342
1879 2603
1884 2021
1884 2030
1886 2363
1887 2516
1888 2490
1890 2221
1894 2041
1896 2190
1898 2655
1900 2388
1902 2519
1904 1946
1905 1944
1910 2568
1914 2008
1914 2122
1919 2546
1920 2558
1921 2121
1927 2043
1927 2135
1927 2534
1928 2050
1929 2077
1932 2019
1934 2645
1938 2081
1938 2179
1940 2520
1943 2375
1946 2242
1948 2101
1949 2101
1957 2515
1959 2344
1965 2272
1966 2113
1966 2458
1968 2032
1968 2226
1970 2620
1977 2577
1983 2297
1985 2629
1986 2296
1986 2605
1990 2095
1991 2394
1997 2318
1999 2339
1999 2516
2000 2200
2003 2446
2005 2149
2010 2196
2012 2543
2017 2145
2018 2023
2018 2095
2019 2183
2019 2463
2020 2264
2022 2512
2025 2165
2025 2246
2026 2208
2031 2050
2032 2193
2037 2507
2038 2627
2041 2431
2044 2393
2046 2066
2048 2348
2048 2538
2050 2070
2051 2489
2052 2074
2055 2125
2060 2499
2061 2647
2063 2091
2064 2067
2065 2068
2071 2138
2071 2145
2072 2294
2072 2401
2072 2632
2077 2288
2083 2176
2084 2654
2091 2256
2094 2235
2097 2345
2097 2395
2097 2537
2099 2504
2100 2537
2102 2109
2102 2392
2104 2267
2105 2551
2107 2600
2110 2431
2111 2299
2120 2324
2124 2190
2126 2638
2127 2328
2127 2541
2128 2267
2130 2403
2134 2473
2137 2644
2143 2444
2149 2282
2154 2210
2154 2254
2159 2317
2161 2542
2169 2407
2170 2278
2170 2622
2171 2378
2172 2603
2182 2328
2187 2581
2188 2509
2189 2330
2191 2285
2192 2293
2192 2445
2202 2646
2204 2390
2204 2544
2207 2651
2208 2508
2209 2329
2211 2536
2217 2469
2217 2607
2221 2301
2223 2340
2223 2354
2224 2645
2228 2236
2228 2369
2231 2326
2238 2320
2239 2432
2241 2284
2241 2486
2243 2570
2244 2255
2244 2327
2248 2261
2252 2617
2254 2461
2259 2283
2261 2613
2268 2652
2273 2625
2277 2389
2288 2609
2289 2381
2312 2357
2314 2424
2316 2383
2319 2543
2320 2464
2320 2624
2321 2396
2321 2427
2324 2492
2331 2364
2333 2366
2352 2440
2353 2409
2356 2425
2360 2440
2362 2455
2368 2423
2380 2410
2387 2629
2388 2457
2389 2597
2391 2571
2398 2583
2399 2549
2413 2475
2422 2656
2423 2502
2433 2646
2440 2482
2443 2506
2445 2552
2448 2602
2449 2621
2459 2545
2462 2574
2475 2537
2480 2502
2490 2588
2495 2502
2502 2517
2509 2531
2517 2535
2528 2546
2536 2604
2540 2572
2550 2594
2563 2625
2568 2606
2620 2655
