0 1435
0 2576
1 1260
1 2576
2 7
2 735
2 1649
3 7
3 1380
4 7
4 1871
5 6
5 7
5 2292
6 2292
7 1540
8 78
8 352
8 536
8 1467
8 2623
9 68
9 392
9 661
9 1003
10 707
10 929
11 413
11 447
11 696
11 785
11 1243
11 1668
11 1778
11 1812
11 1989
11 2058
11 2225
11 2521
11 2527
11 2659
12 242
12 1265
12 1413
12 1890
13 14
13 981
13 2584
14 981
15 1247
15 1273
15 1594
16 200
16 1250
16 1275
17 639
17 1066
17 1232
17 2298
18 1233
18 1669
18 2203
18 2580
19 713
19 2268
19 2652
20 86
20 758
20 1279
21 25
21 1280
22 88
22 865
22 962
23 760
23 1147
23 1281
24 25
24 1282
25 1283
25 2520
26 39
26 429
26 493
26 1126
26 1145
26 2597
27 28
27 1375
27 2117
27 2312
27 2357
28 2357
29 30
29 31
30 31
32 853
32 1275
33 1213
33 1276
33 1657
33 2253
34 632
34 1040
35 37
35 633
35 764
35 2569
36 279
36 727
36 2569
37 215
38 68
38 158
39 1126
39 2389
40 43
40 326
40 1255
40 2107
40 2322
41 42
41 2600
42 1865
42 2322
42 2600
43 2322
43 2600
44 45
44 2628
45 2072
46 50
46 1476
47 51
47 1476
47 1554
47 1695
47 1795
47 2230
47 2234
48 1476
48 2234
49 1774
49 2430
50 2234
51 1476
51 1554
52 144
52 535
52 1164
53 54
53 146
54 1158
55 1178
55 1240
56 644
56 1241
56 2194
57 734
57 773
57 875
58 774
58 1228
59 60
59 173
59 407
59 1157
59 1630
59 2254
60 176
61 354
61 2086
62 1273
62 1526
62 1627
63 678
63 1729
64 65
64 708
64 1747
65 709
65 1577
66 381
66 2435
67 1249
67 1329
67 1442
68 385
68 554
68 635
68 1003
68 1058
69 72
69 857
70 122
70 1117
70 2262
70 2532
71 110
71 124
71 2532
72 859
73 437
73 951
73 1086
74 76
74 573
75 76
75 1596
75 2181
77 78
77 1867
77 2548
78 79
78 536
78 1637
78 1867
78 2548
79 1637
80 1071
80 1122
80 1191
81 1072
81 1718
82 671
82 1123
83 672
83 1073
83 1124
84 673
84 1075
84 1125
85 895
85 1472
85 1498
86 1279
87 91
87 1280
87 1897
87 2035
87 2075
88 794
89 91
89 1281
90 91
90 1282
91 1283
91 1897
91 2035
91 2075
92 93
92 94
92 95
93 95
93 98
93 531
93 1827
93 2195
93 2540
94 532
94 973
96 97
96 99
96 1980
97 99
98 99
100 822
100 934
100 1129
101 106
101 448
101 1195
101 1291
101 1883
101 1982
102 148
102 449
102 1196
103 450
103 614
103 1197
104 112
104 1198
104 1288
104 1312
105 1169
105 1199
105 1863
106 1200
106 1883
106 2555
107 1201
107 1292
108 364
108 451
108 660
108 1202
109 1173
109 1203
110 1174
110 1204
110 1317
111 333
111 1205
111 1293
112 1206
112 1320
113 1177
113 1207
113 1321
114 120
114 192
114 613
115 117
115 122
115 191
115 1806
115 1963
116 123
116 609
116 1806
117 124
118 121
118 909
118 1113
118 2470
119 1114
119 1136
120 126
120 1115
121 1116
122 191
122 1117
123 1118
123 1140
124 1142
125 410
125 1120
126 1121
127 433
127 463
127 1237
127 1849
128 1008
128 1011
128 2215
129 229
129 464
129 466
129 505
129 1036
130 134
130 327
130 650
130 2626
131 328
131 651
132 137
132 329
132 652
133 330
133 653
133 2626
134 331
135 332
135 654
136 333
136 656
137 334
137 657
138 139
138 140
138 141
138 2206
139 140
139 141
139 2206
142 143
142 480
142 1537
142 2586
143 1103
143 1146
143 2612
144 545
144 1164
145 146
145 1517
145 2105
145 2335
146 546
146 2335
147 1326
147 2028
148 449
149 150
149 151
149 587
149 1129
150 151
150 1737
151 1737
152 463
152 560
152 1458
153 188
153 431
153 1869
154 527
154 2260
155 411
155 2344
156 412
156 2344
157 1959
157 2344
158 635
159 549
159 813
159 814
160 161
160 949
160 1706
160 2078
161 1031
161 1224
162 392
162 853
162 1004
162 1305
163 164
163 1328
164 1147
165 538
165 544
165 1339
165 1416
166 189
166 208
166 619
166 1851
166 2123
166 2653
167 169
167 659
167 687
168 811
168 991
168 1861
168 2596
169 636
169 659
169 988
169 1538
170 1393
170 2067
171 172
171 378
171 379
171 1954
171 2085
172 381
173 175
173 1157
174 176
174 1409
174 2039
174 2149
175 1157
177 430
177 787
177 899
177 1238
177 1744
177 1911
177 2190
178 335
178 1098
179 336
179 555
179 1099
180 337
180 386
180 1100
180 2429
181 338
181 1101
181 1769
181 2418
182 339
182 1102
183 184
183 982
183 1940
183 2276
184 306
185 186
185 857
186 839
186 859
187 913
187 1068
187 1538
188 431
188 2531
189 548
189 765
189 2448
189 2602
190 550
190 608
190 2627
191 1745
191 2038
192 613
193 348
193 372
193 439
193 449
193 1040
193 1185
194 450
194 872
194 1042
194 1274
195 394
195 440
195 1043
196 349
196 373
196 424
196 441
196 1045
197 374
197 442
197 451
197 1046
198 350
198 375
198 443
198 1047
198 1448
198 2313
198 2406
199 205
199 214
199 279
199 1448
199 2424
200 232
200 376
200 444
200 452
200 1048
201 202
201 204
201 377
201 1018
201 2406
202 204
203 205
203 1063
203 1522
204 377
205 1522
206 414
206 1372
207 455
207 482
207 2103
208 417
208 504
208 1304
208 1495
209 497
209 871
210 211
210 458
210 950
210 1454
210 1756
210 1961
211 1439
211 1454
211 1756
212 479
212 1454
213 2566
213 2633
214 1903
215 856
215 1161
215 1903
216 249
216 650
216 1757
217 250
217 986
217 1166
218 252
218 651
219 227
219 253
220 254
220 1169
221 255
221 653
222 256
222 654
223 257
223 655
224 258
224 987
224 1173
225 259
225 1174
226 261
226 656
227 262
228 263
228 1177
229 493
229 505
229 1036
229 2174
229 2338
230 231
230 776
230 2258
231 1324
231 1886
231 2363
232 452
232 853
232 2356
232 2425
233 519
233 610
233 620
234 758
234 960
235 238
235 961
236 238
236 963
237 238
237 964
237 2173
238 965
238 2173
239 240
239 1355
239 1428
239 1441
239 1633
239 1921
239 2121
240 1355
241 242
241 496
241 2503
242 514
242 2503
243 1735
243 1951
244 245
244 1950
244 1973
244 2450
245 1973
246 247
246 623
246 1572
246 1982
247 1794
248 445
248 446
248 1214
248 1614
248 2648
249 260
249 1899
249 2220
250 632
251 252
251 256
251 2439
252 471
252 550
253 262
253 394
253 551
253 571
254 277
255 260
255 653
255 1899
255 2220
255 2592
256 552
257 553
258 634
259 1142
259 1174
261 656
262 572
263 1177
263 2400
264 266
264 267
264 268
264 2184
264 2542
265 266
265 268
266 1943
267 268
268 2184
268 2446
269 270
269 495
269 692
269 1784
270 271
270 496
270 1784
271 514
271 526
271 534
272 275
272 887
272 954
273 568
273 1274
274 298
274 569
274 1249
275 570
275 757
275 1619
275 2092
275 2460
276 1114
276 1167
276 1988
277 1169
278 1118
278 1210
279 727
279 1539
279 1988
280 1147
280 1927
280 2043
281 408
281 862
281 1126
281 1519
281 2090
282 1306
282 2263
283 911
283 959
283 2164
283 2263
284 2164
284 2263
285 348
285 713
285 723
285 750
285 880
285 1287
286 350
286 714
286 751
286 953
286 1455
286 2118
287 637
287 790
287 1081
287 1369
288 687
288 729
288 1910
289 2341
289 2568
289 2606
290 291
290 1016
290 1449
290 2213
291 301
291 1016
291 2213
292 302
292 926
292 1019
293 763
293 890
293 1977
293 2577
294 295
294 296
294 297
294 1909
295 297
296 297
296 1550
298 569
298 1711
299 805
299 1027
299 1403
299 2265
300 303
300 616
300 922
301 924
301 1814
302 926
303 419
303 1814
304 305
304 401
305 1908
306 1908
306 2050
307 309
307 311
308 310
308 311
308 997
308 1030
309 311
309 384
310 311
310 996
311 996
311 2591
312 924
312 1016
312 1820
312 1941
313 926
313 1019
314 588
314 737
314 960
315 589
315 738
315 961
316 739
316 794
316 962
317 590
317 740
317 963
318 591
318 741
318 964
318 1917
318 2474
319 592
319 742
319 965
319 1917
319 2474
320 448
320 623
320 766
320 1431
320 1645
320 2205
320 2649
321 584
321 628
321 1289
322 453
322 630
322 768
322 838
323 468
323 1263
324 921
324 1790
324 2019
325 555
325 639
325 724
326 1032
326 1509
327 330
327 331
327 1499
328 332
329 334
332 1499
335 697
336 698
337 386
337 699
337 1542
338 700
338 1582
338 2318
338 2417
339 701
339 1582
340 1777
340 2064
340 2067
340 2143
340 2393
341 342
341 748
341 1395
341 2601
342 749
342 2601
343 635
343 1067
344 740
344 963
344 1134
344 1918
345 346
345 800
346 494
346 1540
346 2337
346 2420
347 746
347 768
347 1290
348 966
349 843
349 968
349 1289
351 356
351 2365
351 2443
352 975
352 995
352 998
352 1331
352 1401
352 1702
352 2114
352 2645
353 354
353 544
353 2016
354 1677
354 2016
355 356
355 357
355 984
355 1002
355 1836
355 2476
355 2615
356 357
356 972
356 984
356 1420
356 1836
356 1895
356 2056
356 2108
356 2476
356 2615
358 686
358 1103
358 1512
359 1677
359 1817
359 2360
360 361
360 363
361 362
361 363
361 2148
362 363
363 1834
363 2148
364 585
364 2227
365 852
365 2227
366 367
366 368
367 368
369 842
369 1304
370 480
370 559
370 1084
371 481
371 1085
372 439
372 1059
373 441
373 1060
373 1210
374 442
374 1061
374 1063
375 443
375 1047
375 1062
375 2271
376 444
376 1064
378 379
378 380
378 2085
378 2305
379 380
379 1954
379 2305
380 1871
381 2435
382 383
382 470
382 663
382 694
382 892
382 2525
383 420
383 663
384 874
384 878
384 1730
384 1822
384 1840
384 2052
384 2302
384 2522
385 565
385 635
385 819
386 699
386 2417
387 596
387 792
388 391
388 597
389 598
389 795
390 599
390 796
390 1508
391 600
391 1508
392 661
392 1004
393 422
393 523
393 582
393 1787
393 2325
393 2451
395 584
395 968
396 585
396 744
396 969
396 1640
397 586
397 971
398 941
398 1541
398 1669
398 1816
399 400
399 1669
400 1669
400 1856
401 580
401 692
401 1106
401 1130
401 1398
401 2134
401 2473
402 403
402 434
402 472
402 476
402 622
402 1405
402 2295
402 2431
402 2456
403 1405
403 2295
404 868
404 920
404 1835
405 406
405 912
406 1485
407 1033
407 1104
407 2013
408 1022
408 1126
408 2013
408 2247
409 551
409 1043
409 1115
409 1137
410 1049
410 1120
410 1143
411 412
412 1399
412 1675
413 428
413 1243
413 2249
413 2650
414 1372
415 936
415 1277
415 2144
416 937
416 1278
416 2144
417 504
417 842
417 2391
417 2571
418 419
418 1773
419 1773
420 892
421 775
421 1687
422 423
422 1135
422 2133
422 2257
422 2663
423 424
424 1140
425 1001
425 1143
425 1162
426 427
426 1256
426 1906
427 2518
428 1243
428 1589
428 2152
429 1145
429 1798
429 2483
430 1238
430 1386
430 1901
431 1869
432 1348
432 1524
432 1964
433 674
433 1528
433 1556
433 2382
434 435
434 498
434 2302
435 2566
436 1477
436 1846
436 2142
436 2368
436 2395
436 2604
437 593
437 951
437 1086
438 580
438 1130
439 1059
440 1043
441 1060
442 1061
443 1062
444 1014
444 1064
445 446
445 1182
445 1214
445 1256
447 696
447 785
447 1812
447 2058
447 2110
447 2527
448 454
448 2496
448 2560
449 1040
450 454
450 1042
450 2496
451 1046
452 1048
453 1049
455 482
455 1914
455 2008
455 2122
456 1492
456 1673
456 1764
456 2059
456 2129
456 2237
456 2310
456 2614
457 681
457 2275
458 498
459 659
459 687
460 574
460 1570
460 1573
461 1483
461 1864
462 539
462 2539
463 474
463 822
463 823
464 466
464 2015
465 467
465 861
466 1036
466 2015
467 863
468 986
468 1263
469 987
469 1264
469 1543
469 1653
469 1999
469 2339
470 772
470 906
470 1390
470 1593
470 2533
471 568
471 1580
472 728
472 1588
472 2441
473 775
473 848
473 1555
474 475
474 1018
475 476
475 478
475 479
475 1462
475 2209
475 2329
475 2466
476 622
476 695
477 487
477 1380
478 1513
480 876
480 1033
480 1084
481 519
481 1085
482 910
482 1295
482 1327
483 1021
483 1301
483 1796
484 485
484 488
484 489
485 489
486 490
486 491
486 893
486 2147
487 1380
487 1611
488 489
488 2180
489 490
489 1998
490 2147
491 2365
492 493
492 1035
492 1519
493 862
493 1126
493 1400
494 2072
494 2294
495 496
495 2453
496 594
496 2453
497 500
497 871
497 1513
498 500
498 622
498 663
498 1513
499 1416
499 1513
501 502
501 503
501 1494
501 1505
501 1842
501 1972
502 1285
502 1494
503 2650
504 548
504 765
504 1303
504 1304
504 1495
504 1754
506 1429
506 2238
507 509
507 1217
507 2218
507 2587
508 509
508 1229
509 510
509 511
509 512
509 1684
509 1920
510 511
510 513
510 1231
511 512
511 513
511 1684
511 2218
513 1876
513 2419
513 2531
514 534
514 595
514 2479
515 1110
515 1112
515 2084
515 2654
516 1040
516 1059
517 923
517 1015
518 520
518 924
518 1016
518 2141
519 1057
519 1141
520 1047
521 926
521 1019
522 927
522 1008
523 582
523 745
523 766
523 1743
523 2115
523 2241
524 743
524 767
524 967
524 1000
525 746
525 768
526 1190
526 1856
527 528
527 529
527 530
527 2223
527 2340
528 529
530 2223
531 972
532 973
533 603
533 920
533 2559
534 771
534 860
534 1190
535 715
535 1563
536 537
536 975
536 2266
536 2548
537 2266
538 540
538 541
538 544
538 1926
538 2007
539 1800
539 1816
539 1926
540 541
540 1416
540 1926
542 543
542 1352
542 1942
543 908
543 1352
543 1942
544 2274
545 1164
545 1719
546 1719
546 1808
547 1661
547 2187
548 765
548 1661
549 813
550 1054
550 1915
550 1930
551 1055
552 1056
553 1057
553 1915
553 1930
554 611
554 1058
555 639
556 558
556 1692
556 2281
557 558
557 1692
557 2281
558 1302
559 820
559 1020
560 822
561 562
561 1829
561 2359
562 566
562 1016
563 1017
563 1021
564 1029
564 1829
564 2359
565 611
565 1003
566 1019
567 1362
567 1586
568 570
569 1249
570 757
570 781
570 955
570 2179
571 572
573 958
573 1029
574 1644
574 1658
575 577
575 579
575 890
575 2004
575 2564
576 1066
576 1232
577 890
577 1233
578 579
578 1732
578 2178
578 2564
579 1967
581 707
581 784
581 870
582 766
582 1291
582 1559
582 1842
582 2093
582 2229
583 999
583 2229
584 851
584 968
585 1640
586 746
586 2033
587 1129
587 2060
587 2499
588 737
589 738
590 740
591 741
592 742
592 1728
593 879
593 1086
594 595
594 2479
595 771
596 792
596 1151
596 1268
597 793
597 1152
597 1269
597 1516
597 2280
598 795
598 1153
598 1270
599 796
599 1154
599 1271
600 797
600 1155
600 1272
600 1516
600 2280
601 602
601 1337
601 1507
601 1621
601 2386
601 2472
602 1337
603 711
603 844
603 1412
603 1569
604 846
604 1412
604 1939
605 686
605 1103
605 1146
606 898
606 1023
606 1470
607 804
607 1024
607 1470
607 2553
608 609
608 1403
608 1574
609 2593
610 1141
610 1780
612 1001
612 2033
614 615
614 2505
615 2505
616 922
616 1922
617 618
617 731
618 732
618 2217
618 2469
618 2607
619 1107
620 1532
621 712
621 765
621 2283
622 695
622 1462
623 626
623 627
623 629
623 1987
624 628
624 1136
625 631
625 1137
626 1987
627 1139
628 1140
629 1431
630 1109
630 1186
631 1144
632 816
633 764
633 1210
634 1047
634 1618
634 1985
634 2387
635 1003
635 1067
636 638
636 864
636 988
637 790
637 808
637 1081
637 1647
638 1082
638 1161
638 1647
639 724
639 2205
640 1083
640 1097
640 1250
641 1284
641 2661
642 786
642 1037
642 1286
642 1646
643 2130
643 2403
644 1180
644 1241
644 1866
644 2130
644 2403
645 648
645 1242
646 835
646 1612
647 836
647 1612
647 2216
648 1181
648 1242
649 882
649 1257
649 1377
649 2186
650 1113
650 1165
650 1195
650 1459
651 1136
651 1167
651 1197
652 657
652 1168
653 1116
653 1138
653 1170
653 1200
653 1459
654 1171
654 1201
655 1119
655 1172
655 1202
656 1175
656 1205
657 1176
658 659
658 972
658 1581
658 1730
658 1741
658 1976
658 2131
658 2375
659 729
660 1119
662 663
662 1626
662 2452
663 728
663 892
663 1996
664 777
664 864
664 1080
665 668
665 669
666 667
666 711
666 1414
666 2599
667 668
668 669
668 1414
668 1826
669 1414
670 672
670 1694
670 1718
671 1192
672 1193
672 1718
673 1075
673 1194
674 1852
674 2034
675 676
675 2069
675 2586
676 2586
676 2646
677 1590
677 1863
677 2641
678 1729
678 1895
679 915
679 2197
679 2402
680 931
680 1215
680 1501
680 1531
680 2106
681 1797
682 683
682 684
682 1457
683 2385
684 1005
685 882
685 1377
686 896
687 823
688 689
688 1843
688 2346
689 690
689 1956
689 2036
689 2042
690 1213
690 1252
690 1276
690 2036
691 884
691 1052
691 1426
691 1958
691 2006
692 693
692 1960
693 1887
693 1960
694 728
694 2160
695 950
695 1660
695 2167
695 2466
696 1668
696 2659
697 700
698 1099
699 1100
700 1353
701 1102
701 1353
702 703
702 704
702 705
702 1643
702 2323
702 2459
702 2545
703 705
704 705
704 706
704 1643
704 2323
706 1643
707 784
707 870
707 929
708 709
709 1577
710 711
710 2595
711 872
711 1596
711 2595
712 2259
712 2283
712 2487
713 884
713 1828
714 1828
715 718
716 718
716 2529
717 718
717 2529
718 2290
718 2529
719 720
719 1358
720 900
721 1185
721 2044
722 1408
722 2044
723 1287
723 1937
725 726
725 1527
725 2053
725 2264
725 2478
726 1527
726 1693
726 1697
726 2020
726 2053
726 2264
726 2478
727 1731
727 2579
728 892
728 1638
728 1996
728 2636
730 1383
730 2139
731 732
731 733
732 733
732 1561
734 773
734 1515
734 1922
734 2637
735 736
735 1649
736 886
737 960
738 961
739 962
739 1133
739 2426
740 963
740 1893
741 964
742 965
742 1893
742 2419
743 747
743 767
743 967
744 969
745 1431
746 768
746 971
747 2241
747 2385
748 749
748 2177
749 1030
750 884
750 1052
750 1763
751 1053
751 1763
752 754
752 755
753 754
753 755
754 755
754 802
754 1323
754 1514
754 2279
755 1514
755 2279
756 1848
756 2240
757 885
757 889
757 1434
758 1279
758 1659
758 1676
759 762
759 1280
760 1281
761 762
761 1282
761 1599
762 1283
762 1592
762 1599
762 1705
763 890
763 1453
763 1469
763 2233
765 1304
765 1671
765 1873
765 2201
765 2578
766 2115
766 2241
766 2284
766 2486
767 1000
768 838
768 1290
769 770
769 2518
770 2518
771 860
771 1190
772 906
772 2533
773 774
773 2182
775 848
775 1687
776 1742
777 864
777 1724
778 779
778 1127
778 1804
779 1128
779 1804
780 867
780 1335
780 1406
780 2025
780 2165
781 854
781 883
781 955
781 1236
782 783
782 1307
782 1779
782 2415
783 1308
784 1568
784 2656
785 1243
785 1778
785 1989
785 2140
785 2343
786 1286
787 788
787 789
787 804
787 2199
787 2642
788 804
789 805
789 2642
791 910
791 1327
791 1373
791 1758
792 1151
792 1268
793 1152
793 1269
793 1410
794 962
795 1153
795 1270
796 1154
796 1271
796 1560
797 1155
797 1272
797 1410
797 1560
798 799
798 800
798 801
799 801
799 1430
801 1194
801 1430
802 1330
803 1677
803 1679
803 2489
804 805
804 2098
805 2098
806 809
806 978
806 2189
807 810
807 1484
808 809
809 1378
809 2189
809 2330
810 1484
811 991
812 2204
812 2371
813 814
815 826
815 1918
816 1185
817 818
817 822
817 2334
818 2334
819 1275
820 821
820 999
820 1020
820 1104
821 822
822 1105
824 826
824 831
825 826
825 831
826 827
826 828
826 829
826 831
826 832
826 1567
826 1604
826 2303
826 2648
827 831
828 1604
829 831
830 831
830 833
830 1613
831 832
831 833
831 1918
832 1604
832 2303
834 2050
834 2070
834 2076
834 2623
835 958
836 959
836 1698
836 2102
836 2109
837 947
837 1096
837 2554
838 2554
839 859
840 841
840 993
841 1746
841 2037
841 2054
841 2116
841 2138
841 2351
841 2507
842 1417
842 2421
842 2556
843 1315
843 1713
843 1715
844 845
844 847
844 2119
845 847
846 847
847 2119
848 1687
849 991
849 2027
849 2401
850 1545
850 2452
851 1292
851 1451
852 1293
852 1451
853 1300
853 1473
853 2485
854 883
854 2619
855 856
855 2104
855 2128
855 2267
857 858
857 897
858 859
858 897
859 897
860 1163
861 863
862 1126
862 1145
862 2311
864 1080
864 1359
864 2362
865 962
866 1147
866 2094
866 2235
867 1591
867 1659
868 920
868 2207
868 2651
869 2207
869 2651
873 1723
873 1962
874 2258
874 2491
874 2522
875 877
876 877
876 878
876 993
877 2494
879 1496
880 1287
880 1366
881 2355
881 2444
882 1257
882 1354
882 1654
882 2269
883 1028
883 1664
883 2575
883 2619
884 952
885 886
885 887
885 889
885 1578
885 2040
885 2092
885 2346
886 887
888 1250
888 1275
890 2083
890 2176
891 905
891 1156
891 1464
891 2021
893 2108
894 895
894 1364
895 1364
895 1968
895 2226
896 1146
898 900
898 902
898 1023
898 2286
899 1024
900 902
900 903
900 2041
900 2286
901 1025
901 2286
903 2286
904 972
904 1471
904 1725
904 1978
904 2108
904 2307
905 1156
905 1620
905 1775
905 1805
905 1995
905 2252
905 2471
905 2628
906 907
907 2533
908 1336
908 1776
908 2291
909 2470
910 1327
911 912
911 913
911 1159
912 913
912 1131
913 1535
913 2100
914 915
914 1802
915 916
915 917
915 918
915 919
915 1361
915 1802
915 2402
916 918
917 1802
918 1802
919 1802
920 2222
921 1264
921 1767
922 1259
923 1015
924 1016
924 1925
925 1017
925 1347
925 1598
925 2047
926 1019
927 2106
928 1493
928 1771
928 2512
930 2110
930 2431
930 2583
931 1742
931 2155
932 933
932 1750
933 1750
934 935
934 1129
935 1794
936 1277
937 1278
937 1368
937 2524
938 1252
938 1276
938 2045
939 997
939 1208
939 1254
939 1597
939 2428
940 1613
940 1818
940 2082
941 942
941 943
941 944
941 1549
941 1821
941 2616
942 943
942 1549
942 2616
944 1549
945 1690
945 2630
946 947
946 2630
947 1690
948 1031
948 1224
949 1534
949 2078
949 2089
949 2434
949 2498
949 2562
951 2087
952 1287
953 1264
953 1905
953 1944
954 955
955 956
955 957
955 1236
956 957
962 1133
962 2426
963 1134
965 1504
965 1971
966 1059
966 1185
969 2308
970 1062
970 1384
972 974
972 1563
972 1581
972 1741
972 1822
972 2027
972 2076
972 2131
973 1235
974 2027
975 976
975 977
976 977
977 997
978 979
978 980
978 2270
979 2270
980 1765
982 1940
982 2276
983 984
983 985
984 985
984 1875
986 1263
987 2561
988 1735
988 2129
989 990
989 1500
989 1678
989 1789
989 2514
990 1789
990 2514
991 1861
991 2596
992 993
992 2491
993 1885
993 2361
993 2491
993 2572
994 2181
994 2294
994 2491
995 998
995 1702
995 1801
995 1885
995 2332
997 2056
998 1331
998 1436
998 2497
998 2567
999 2462
1000 2166
1001 1205
1002 2634
1002 2661
1003 1211
1004 1837
1004 1862
1005 2168
1005 2198
1006 1007
1006 1009
1006 1446
1006 2111
1006 2180
1006 2215
1006 2299
1007 2299
1008 1011
1009 1010
1010 2299
1010 2313
1011 2299
1012 1013
1012 2251
1013 2251
1014 1097
1014 2341
1015 2166
1017 1021
1017 1584
1018 1584
1021 1547
1022 1547
1022 2293
1023 1947
1024 1725
1024 1947
1024 2565
1025 2634
1026 1648
1026 1663
1026 2526
1027 1761
1027 1947
1028 1034
1031 1224
1031 2498
1032 1255
1034 1036
1034 1039
1035 1036
1035 1039
1036 1038
1036 1039
1036 1740
1037 1646
1038 1740
1038 2174
1041 1044
1041 1381
1044 1117
1044 1209
1044 1381
1045 1210
1047 1696
1047 1881
1050 1391
1050 1396
1050 2454
1050 2639
1051 2445
1051 2552
1053 1768
1053 1912
1053 2631
1053 2635
1054 1114
1055 1115
1056 1118
1057 1119
1060 1210
1061 1063
1063 1992
1064 1211
1065 1628
1065 1992
1065 2271
1065 2314
1065 2424
1066 1232
1066 2298
1068 2250
1069 1461
1069 1490
1070 1076
1070 1721
1070 2657
1071 1191
1072 1076
1072 1077
1072 1079
1072 2657
1073 1076
1074 1075
1074 1076
1076 1077
1076 1078
1076 1079
1078 2657
1080 1082
1081 1083
1081 1605
1082 1632
1082 2590
1085 1551
1085 1955
1086 2196
1087 1088
1087 1089
1087 1090
1087 1091
1088 1090
1089 1090
1089 1092
1090 1091
1090 1092
1092 1981
1093 1094
1093 1096
1094 1095
1094 1096
1094 1564
1094 2125
1095 1096
1095 1564
1096 1500
1098 1101
1100 1936
1101 1936
1103 1146
1103 2243
1104 1389
1105 1129
1106 1108
1106 1130
1107 2347
1108 2347
1109 1186
1110 1111
1110 1112
1110 2408
1111 2408
1113 1135
1113 1982
1113 2317
1113 2414
1114 1136
1115 1121
1116 1138
1116 2414
1117 1139
1117 1209
1117 2317
1118 1140
1119 1141
1119 1172
1121 1144
1122 1191
1122 1969
1123 1192
1123 2361
1124 1193
1124 2608
1125 1194
1126 2277
1127 1128
1127 1855
1128 1855
1129 1794
1130 1131
1130 1713
1130 2212
1131 2212
1132 2338
1132 2608
1134 2350
1134 2481
1135 1139
1137 1144
1137 1636
1138 2293
1141 2381
1141 2618
1143 1162
1143 2033
1144 1636
1145 1460
1145 1576
1147 1615
1147 2455
1148 1600
1148 1681
1148 1854
1149 1150
1149 1553
1149 1639
1149 2511
1150 1298
1150 1511
1150 1662
1151 1402
1155 1402
1157 2149
1157 2175
1158 2645
1158 2648
1159 2061
1159 2647
1160 1379
1160 1872
1160 2589
1163 1552
1165 1195
1166 1196
1167 1197
1168 1176
1168 1198
1169 1199
1170 1200
1171 1201
1172 1202
1173 1203
1173 1567
1174 1204
1175 1205
1176 1206
1177 1207
1177 2484
1178 1240
1179 1180
1179 2432
1180 1241
1180 1623
1180 2239
1180 2432
1181 1242
1182 1183
1182 1214
1182 1791
1182 1952
1183 1215
1184 1186
1184 2001
1185 2001
1186 1853
1187 1188
1187 1189
1187 1923
1187 2306
1188 1923
1189 1445
1189 1923
1191 1969
1192 1888
1193 1396
1195 1360
1195 2585
1198 1206
1200 2585
1208 1254
1208 1734
1209 1212
1209 2049
1212 2049
1213 2042
1214 1256
1214 1709
1214 1791
1214 1952
1216 1267
1216 1479
1216 1629
1216 2153
1217 1219
1217 2587
1218 1219
1218 1229
1219 1220
1219 1221
1219 1222
1219 1502
1220 1221
1220 1222
1221 1502
1223 1468
1223 1511
1223 1662
1225 1325
1225 2480
1226 1227
1226 1228
1227 1230
1228 1231
1229 1230
1230 1231
1232 2262
1234 1391
1234 2662
1235 1993
1236 1641
1236 1975
1237 2399
1237 2549
1238 1520
1238 2080
1238 2151
1239 1548
1239 1685
1241 2372
1243 2225
1243 2249
1243 2521
1243 2660
1244 1245
1244 1246
1244 2573
1245 2573
1246 2304
1246 2573
1247 1248
1247 1273
1247 1296
1248 2255
1251 1838
1251 2079
1251 2288
1253 1475
1253 1819
1254 1255
1254 1434
1254 2073
1255 2379
1255 2397
1256 1297
1256 1651
1256 1953
1256 1998
1257 1847
1258 1259
1258 1261
1258 1398
1259 1261
1259 1262
1259 1332
1259 1395
1260 1839
1261 2219
1262 1332
1262 1839
1264 1457
1265 2156
1266 1267
1266 1759
1266 2158
1267 1759
1267 2158
1270 2132
1272 1536
1273 1608
1274 1608
1278 1482
1279 1676
1280 1770
1283 1770
1284 2099
1285 2099
1288 1290
1290 2118
1291 2009
1291 2245
1292 2009
1293 1319
1294 1925
1294 2169
1294 2407
1295 2030
1296 1365
1296 1686
1296 2547
1297 1566
1297 1716
1298 1412
1298 2494
1299 1562
1299 1712
1299 2163
1300 1305
1301 1860
1302 1860
1303 1304
1306 2273
1307 1308
1307 1450
1308 1450
1309 1310
1309 1313
1309 1314
1309 1316
1309 1317
1309 1319
1309 1321
1309 2171
1309 2378
1309 2611
1310 1314
1311 1315
1311 1318
1311 1328
1312 1320
1313 1318
1313 2378
1314 2378
1314 2611
1315 1318
1316 1318
1316 1329
1317 1708
1322 1326
1322 1624
1323 1330
1323 1913
1323 2079
1323 2376
1324 1886
1325 2625
1326 2625
1327 1970
1328 1601
1328 2202
1328 2646
1329 2433
1329 2646
1330 1485
1330 2232
1331 2645
1332 1839
1333 1350
1333 1631
1334 1761
1334 2126
1334 2638
1335 2025
1336 1776
1337 1507
1337 1621
1338 2088
1338 2326
1339 1939
1340 1570
1340 1920
1341 2124
1341 2190
1342 2025
1342 2438
1343 2097
1343 2345
1344 1387
1344 2489
1345 2224
1345 2645
1346 1948
1346 2101
1347 1598
1348 1964
1348 2509
1349 1685
1349 2377
1349 2447
1350 1631
1351 1774
1351 2430
1354 1864
1354 2044
1354 2269
1355 1428
1355 1441
1355 1633
1355 2028
1355 2113
1355 2121
1356 1956
1356 2014
1357 1685
1357 2447
1358 1793
1358 1924
1359 1632
1359 1722
1359 1766
1359 1824
1359 1889
1359 1997
1359 2412
1360 2585
1361 2591
1362 1586
1362 2136
1363 1932
1363 2019
1363 2183
1364 1968
1365 1686
1366 2118
1367 1616
1367 1803
1368 2524
1369 1926
1370 1948
1370 2101
1371 1535
1371 2502
1372 1478
1372 2069
1372 2288
1372 2373
1373 1758
1374 1648
1374 1680
1375 1849
1375 2117
1376 1728
1376 1809
1377 1704
1377 2000
1377 2200
1378 2189
1379 2589
1380 1388
1380 1481
1380 1482
1380 1611
1380 1710
1380 1736
1380 1969
1380 2436
1381 1533
1381 1881
1381 2137
1381 2644
1382 1607
1382 2409
1383 2139
1384 1456
1384 2308
1384 2315
1385 1570
1385 2577
1386 2151
1387 2489
1388 2427
1389 1572
1389 1982
1390 1593
1391 1916
1391 2639
1392 1877
1392 2342
1393 2064
1393 2067
1394 1424
1394 1664
1397 1546
1397 2374
1399 1675
1399 1990
1400 2277
1401 2522
1403 1574
1403 2593
1404 2242
1404 2333
1404 2477
1405 2456
1406 2025
1407 1497
1407 1938
1408 2044
1409 2039
1409 2149
1411 2413
1411 2518
1412 1569
1413 1890
1414 1826
1414 2599
1415 1926
1415 2191
1415 2285
1417 2014
1417 2421
1417 2556
1418 1848
1418 2240
1419 1452
1419 1532
1419 1984
1420 2523
1421 2170
1421 2465
1422 2014
1422 2557
1423 1709
1423 1742
1423 2155
1424 2209
1424 2329
1424 2575
1425 1548
1425 1994
1425 2388
1426 1958
1426 2006
1427 1544
1427 2416
1429 2238
1431 1645
1431 2649
1432 1463
1432 2384
1433 1691
1433 1938
1434 1619
1435 1902
1435 2484
1435 2519
1436 2497
1436 2567
1437 1983
1437 2297
1438 1548
1438 2388
1439 1454
1440 1860
1440 1927
1440 2488
1442 2646
1443 2207
1443 2651
1444 1825
1444 1868
1444 2011
1444 2103
1445 2048
1445 2306
1445 2348
1446 2299
1447 1523
1447 2146
1447 2442
1449 2213
1452 2311
1453 1975
1453 2176
1454 1961
1455 1937
1456 2315
1457 2507
1458 2400
1460 1798
1461 1490
1463 1733
1463 1860
1463 2250
1463 2384
1463 2422
1463 2640
1464 1884
1465 1875
1465 2057
1465 2344
1466 2071
1466 2145
1467 2367
1468 2398
1469 2373
1471 2307
1472 1498
1473 2485
1474 2355
1474 2450
1475 1819
1476 1695
1476 1795
1476 2230
1476 2234
1477 2142
1478 2029
1478 2065
1478 2373
1479 2153
1479 2537
1480 1635
1480 2629
1481 1683
1483 1864
1485 1708
1485 2232
1486 1583
1486 1672
1486 2024
1487 2277
1487 2389
1488 1503
1488 1722
1489 1496
1489 1732
1491 1691
1491 1938
1492 2614
1493 1602
1493 1771
1494 1505
1494 1972
1497 1691
1497 1938
1497 1945
1501 2133
1503 1722
1503 1786
1503 2643
1504 1971
1505 2150
1506 2304
1506 2573
1509 2473
1510 1661
1510 2187
1510 2581
1511 2277
1512 2157
1514 2328
1514 2541
1515 1614
1515 2637
1517 2335
1518 1765
1518 2270
1519 2090
1520 2080
1520 2151
1521 2083
1521 2176
1523 1979
1523 2442
1523 2513
1524 2648
1525 1811
1525 2336
1526 2274
1528 1878
1528 2034
1528 2382
1529 1927
1529 2043
1530 1985
1530 2629
1531 2106
1532 1880
1532 1931
1532 1984
1532 2411
1533 2093
1534 2089
1534 2498
1534 2562
1536 2132
1537 2612
1539 1988
1540 2337
1540 2354
1540 2420
1541 1902
1542 2526
1543 1999
1544 2416
1545 2072
1545 2401
1546 2374
1548 1610
1548 1882
1548 1900
1548 1994
1548 2388
1549 1821
1550 2250
1551 1955
1552 2289
1553 1639
1553 2511
1555 1785
1556 2550
1557 2063
1557 2091
1558 1585
1558 2002
1559 1842
1561 2000
1562 1892
1565 2018
1565 2095
1566 1716
1568 2472
1570 1573
1570 2558
1571 2156
1571 2221
1571 2301
1575 1699
1575 1935
1576 1798
1577 2177
1578 2040
1579 1857
1579 2214
1580 2482
1583 1672
1585 2002
1586 2136
1587 2345
1587 2482
1588 2441
1589 2152
1590 2641
1591 2349
1591 2437
1592 1599
1592 1976
1593 1707
1593 2525
1594 1977
1595 2343
1595 2580
1597 1755
1598 2010
1598 2047
1599 1705
1600 1681
1600 1906
1601 1627
1601 2635
1601 2646
1602 1771
1603 1829
1603 2248
1603 2359
1605 1632
1606 2333
1606 2366
1607 1665
1607 2409
1609 1792
1609 2412
1609 2501
1610 1685
1610 1832
1612 2216
1613 2203
1615 2362
1616 1803
1617 1682
1617 1802
1618 2629
1620 1775
1620 1907
1621 2386
1622 1700
1622 2426
1623 2432
1624 2468
1624 2625
1625 1751
1625 1916
1626 1638
1626 2331
1626 2636
1628 2424
1629 2570
1630 1831
1630 2309
1632 2590
1634 1761
1634 1809
1635 2629
1637 2266
1638 2331
1638 2364
1638 2598
1640 2618
1641 1975
1642 1874
1642 2260
1642 2326
1642 2551
1643 2504
1644 2267
1646 1739
1648 1663
1648 1680
1648 2526
1650 1857
1650 2214
1651 1953
1652 2120
1652 2324
1653 1999
1653 2516
1654 2269
1655 1677
1655 2582
1656 1693
1656 1757
1657 2253
1658 2065
1660 2466
1661 2187
1661 2201
1665 2353
1665 2409
1666 1974
1666 2465
1667 1815
1667 2367
1669 1902
1669 2643
1670 2045
1670 2404
1670 2467
1671 1873
1671 2201
1672 2024
1673 2237
1674 1758
1674 2162
1677 2506
1678 1789
1679 1997
1681 2051
1682 1865
1683 1736
1685 1832
1685 2377
1685 2447
1686 2547
1688 1844
1688 2185
1688 2287
1689 2020
1689 2264
1690 2500
1690 2630
1691 1938
1691 2081
1694 1718
1696 1881
1697 2264
1698 2102
1698 2392
1699 1935
1700 2426
1701 1771
1701 2512
1702 1801
1703 1948
1703 2101
1704 2200
1706 2562
1707 2559
1710 1981
1711 2092
1711 2460
1712 1892
1712 2163
1714 1859
1714 2099
1715 1904
1717 2471
1717 2566
1719 1808
1720 2096
1720 2388
1720 2457
1720 2530
1720 2536
1721 2657
1722 2099
1723 1962
1724 2646
1725 1978
1726 2010
1726 2139
1727 1739
1727 2610
1731 2579
1732 2564
1733 2384
1734 2339
1734 2428
1735 1951
1736 2594
1738 1859
1738 2099
1738 2261
1739 2112
1739 2577
1739 2629
1740 1879
1742 1934
1742 2155
1743 2241
1744 2190
1745 2038
1746 2054
1746 2507
1747 2322
1748 1846
1748 2142
1749 2026
1749 2208
1749 2508
1751 2519
1752 1781
1752 2052
1752 2493
1753 2300
1753 2358
1753 2488
1753 2646
1754 2187
1755 1980
1755 2365
1756 2662
1760 1891
1760 2558
1761 1809
1762 1965
1762 2272
1764 2059
1764 2310
1764 2614
1765 2270
1766 2081
1767 2019
1768 1912
1768 2055
1769 2418
1769 2429
1772 1845
1772 2062
1773 1957
1774 2430
1775 1805
1775 2345
1775 2628
1776 2291
1777 1981
1777 2537
1779 2415
1780 2593
1781 2493
1781 2515
1782 1785
1782 2370
1783 2060
1783 2499
1785 2370
1785 2439
1785 2577
1786 2433
1787 2451
1788 1933
1788 2440
1788 2509
1788 2658
1790 2019
1790 2463
1792 2412
1793 1924
1794 1863
1796 1824
1797 2275
1797 2582
1798 2483
1799 2368
1799 2502
1800 2020
1801 2332
1806 1963
1807 2372
1807 2432
1810 1992
1810 2405
1810 2424
1811 2336
1813 2239
1813 2432
1815 2367
1815 2381
1816 2523
1817 2141
1818 2082
1820 1941
1823 2168
1823 2646
1824 1889
1824 1909
1825 2103
1827 2528
1827 2546
1829 2192
1829 2359
1830 2278
1830 2477
1831 2309
1833 1919
1833 2546
1834 2544
1835 1874
1837 1838
1840 2522
1841 2161
1841 2197
1843 2288
1844 2436
1845 2062
1845 2576
1846 2142
1847 2595
1848 2240
1850 2321
1850 2427
1851 2123
1852 2594
1853 2033
1854 2195
1857 2214
1858 2050
1858 2070
1859 2099
1860 2646
1862 2496
1866 2130
1868 2371
1870 1919
1870 1991
1870 2394
1872 2510
1874 2086
1875 2613
1876 2218
1877 2342
1878 2382
1879 2172
1879 2603
1879 2610
1880 1931
1882 2447
1884 2021
1884 2030
1886 2363
1887 2516
1888 2490
1888 2588
1890 2221
1891 2558
1894 2041
1894 2431
1896 1911
1896 2190
1898 2620
1898 2655
1900 2388
1901 1911
1902 2003
1902 2022
1902 2519
1904 1946
1904 2046
1905 1944
1907 2643
1910 2568
1911 2124
1911 2190
1913 2376
1914 2008
1914 2122
1919 2546
1920 2558
1921 2121
1925 2169
1926 2007
1926 2274
1926 2612
1927 2043
1927 2135
1927 2534
1928 2050
1928 2070
1929 2077
1929 2120
1932 2019
1933 2568
1934 2645
1938 1945
1938 2081
1938 2179
1940 2520
1943 2375
1946 2046
1946 2066
1946 2242
1947 2565
1948 1949
1948 2101
1949 2101
1950 1973
1957 2515
1959 2057
1959 2344
1965 2272
1966 2113
1966 2415
1966 2458
1967 2564
1968 2032
1968 2226
1970 2620
1974 2465
1977 2577
1979 2442
1983 2297
1983 2555
1984 2411
1985 2629
1986 2296
1986 2605
1987 2574
1990 2095
1991 2394
1993 2475
1995 2560
1997 2318
1999 2339
1999 2507
1999 2516
1999 2561
2000 2200
2003 2446
2004 2564
2005 2149
2005 2175
2005 2282
2009 2245
2010 2196
2011 2103
2012 2319
2012 2543
2012 2646
2013 2247
2017 2071
2017 2145
2018 2023
2018 2095
2019 2183
2019 2463
2020 2264
2022 2512
2023 2095
2025 2165
2025 2246
2025 2438
2026 2208
2029 2373
2031 2050
2031 2070
2032 2193
2032 2267
2037 2507
2038 2627
2041 2431
2043 2135
2043 2534
2044 2393
2044 2576
2045 2404
2045 2467
2046 2066
2048 2348
2048 2538
2050 2070
2051 2489
2052 2074
2055 2125
2057 2344
2060 2499
2061 2647
2063 2091
2063 2256
2064 2067
2065 2068
2068 2101
2071 2138
2071 2145
2072 2294
2072 2401
2072 2632
2073 2379
2073 2397
2073 2419
2074 2473
2077 2288
2083 2176
2084 2654
2087 2299
2088 2231
2088 2326
2091 2256
2094 2235
2096 2388
2096 2530
2097 2345
2097 2363
2097 2395
2097 2537
2099 2504
2100 2475
2100 2537
2101 2594
2102 2109
2102 2392
2104 2267
2105 2551
2107 2600
2110 2431
2111 2299
2112 2629
2114 2157
2116 2351
2120 2324
2120 2492
2120 2557
2121 2222
2123 2653
2124 2190
2126 2638
2127 2328
2127 2541
2128 2267
2129 2186
2130 2194
2130 2403
2133 2257
2133 2663
2134 2473
2137 2644
2140 2343
2142 2366
2143 2444
2146 2513
2149 2282
2150 2475
2154 2210
2154 2254
2154 2461
2159 2317
2159 2550
2160 2331
2161 2542
2162 2226
2167 2466
2168 2198
2169 2407
2170 2278
2170 2477
2170 2622
2171 2378
2172 2603
2176 2233
2178 2564
2182 2328
2185 2287
2187 2578
2187 2581
2187 2602
2188 2509
2188 2531
2189 2330
2191 2285
2192 2293
2192 2445
2193 2267
2199 2642
2200 2655
2202 2646
2204 2371
2204 2390
2204 2544
2207 2651
2208 2508
2209 2329
2210 2254
2211 2388
2211 2536
2217 2469
2217 2607
2219 2582
2221 2301
2223 2340
2223 2354
2224 2645
2225 2343
2225 2660
2228 2236
2228 2369
2231 2326
2235 2535
2236 2369
2238 2320
2239 2432
2241 2284
2241 2486
2243 2570
2244 2255
2244 2327
2246 2438
2248 2261
2252 2617
2254 2461
2255 2327
2259 2283
2261 2613
2265 2294
2268 2652
2273 2625
2277 2389
2277 2603
2278 2477
2278 2550
2283 2487
2288 2609
2289 2381
2290 2529
2294 2632
2296 2605
2297 2555
2300 2358
2307 2383
2312 2357
2314 2424
2316 2383
2316 2572
2319 2543
2320 2464
2320 2624
2321 2396
2321 2427
2321 2553
2324 2492
2325 2451
2331 2364
2331 2598
2333 2366
2333 2368
2347 2576
2348 2538
2349 2437
2350 2481
2352 2440
2352 2482
2353 2409
2356 2425
2358 2537
2360 2440
2362 2455
2365 2443
2368 2423
2371 2390
2372 2432
2380 2410
2380 2563
2384 2640
2387 2629
2388 2457
2389 2597
2391 2571
2396 2603
2398 2583
2399 2549
2405 2424
2410 2563
2412 2501
2413 2475
2422 2656
2423 2495
2423 2502
2423 2517
2433 2646
2434 2498
2440 2482
2443 2506
2445 2552
2448 2602
2449 2621
2449 2646
2454 2639
2458 2625
2459 2545
2462 2574
2464 2555
2464 2624
2468 2625
2474 2539
2475 2537
2475 2570
2477 2622
2480 2495
2480 2502
2490 2588
2492 2609
2495 2502
2500 2630
2502 2517
2509 2531
2510 2625
2517 2535
2528 2546
2536 2604
2540 2572
2550 2594
2555 2658
2563 2625
2568 2606
2584 2643
2592 2633
2595 2617
2620 2655
2621 2646
2631 2635
